[0, 127, 870, 579, 894, 712, 542, 615, 809, 177, 435, 143, 117, 398, 679, 497, 95, 549, 964, 641, 605, 613, 519, 253, 385, 155, 140, 542, 777, 964, 166, 87, 727, 375, 818, 984, 486, 483, 604, 577, 412, 797, 946, 862, 850, 485, 245, 125, 677, 640, 891, 946, 314, 569, 216, 823, 863, 875, 897, 171, 38, 394, 229, 969, 384, 542, 224, 438, 292, 237, 459, 598, 978, 43, 872, 529, 717, 349, 530, 802]
[127, 0, 416, 369, 612, 885, 962, 561, 651, 443, 743, 42, 942, 938, 302, 290, 922, 855, 730, 75, 651, 611, 216, 911, 145, 399, 710, 31, 161, 175, 363, 547, 197, 976, 251, 532, 851, 799, 591, 893, 947, 37, 811, 446, 942, 418, 959, 477, 720, 448, 13, 332, 867, 189, 455, 14, 49, 190, 93, 697, 828, 557, 319, 556, 76, 531, 724, 375, 466, 678, 508, 16, 43, 336, 13, 476, 496, 433, 956, 862]
[870, 416, 0, 138, 85, 104, 931, 691, 582, 358, 627, 554, 30, 167, 165, 968, 164, 103, 528, 597, 835, 247, 492, 420, 474, 149, 525, 660, 741, 418, 57, 214, 550, 357, 993, 358, 691, 961, 463, 616, 916, 136, 422, 380, 578, 141, 923, 894, 864, 253, 266, 874, 167, 831, 283, 654, 491, 154, 946, 514, 154, 676, 954, 190, 541, 861, 693, 938, 406, 357, 650, 540, 112, 442, 282, 746, 75, 681, 158, 493]
[579, 369, 138, 0, 265, 351, 134, 442, 792, 93, 973, 659, 893, 89, 341, 926, 398, 278, 556, 243, 402, 834, 576, 358, 155, 246, 257, 324, 718, 432, 958, 825, 343, 147, 462, 536, 484, 217, 528, 883, 233, 794, 818, 96, 52, 788, 209, 26, 109, 713, 776, 333, 563, 333, 622, 733, 618, 763, 776, 387, 518, 407, 482, 590, 835, 471, 560, 329, 995, 600, 260, 698, 424, 943, 494, 559, 890, 366, 991, 348]
[894, 612, 85, 265, 0, 875, 41, 900, 267, 506, 695, 895, 734, 83, 59, 284, 334, 887, 565, 346, 678, 325, 478, 942, 943, 426, 845, 89, 415, 689, 95, 957, 315, 352, 163, 61, 729, 567, 199, 81, 827, 888, 139, 472, 454, 355, 67, 871, 498, 829, 272, 162, 962, 628, 279, 821, 167, 752, 842, 951, 538, 222, 493, 284, 558, 640, 194, 425, 578, 122, 776, 899, 257, 303, 547, 843, 569, 960, 721, 153]
[712, 885, 104, 351, 875, 0, 18, 68, 734, 498, 352, 38, 313, 606, 589, 51, 122, 652, 131, 817, 544, 581, 146, 121, 737, 927, 630, 470, 816, 113, 854, 393, 583, 382, 439, 731, 106, 775, 198, 45, 747, 851, 663, 954, 941, 237, 750, 944, 899, 820, 401, 529, 797, 793, 451, 593, 354, 696, 847, 430, 458, 252, 652, 176, 692, 669, 893, 153, 156, 358, 663, 474, 355, 456, 140, 909, 800, 429, 622, 355]
[542, 962, 931, 134, 41, 18, 0, 897, 877, 485, 238, 773, 250, 663, 208, 185, 559, 124, 592, 93, 740, 967, 713, 745, 833, 727, 170, 635, 65, 264, 191, 852, 249, 329, 193, 76, 145, 106, 553, 656, 556, 114, 639, 426, 142, 200, 542, 500, 833, 567, 398, 104, 72, 625, 772, 488, 447, 571, 699, 358, 457, 995, 998, 73, 732, 671, 785, 193, 21, 975, 340, 788, 631, 213, 450, 259, 370, 758, 882, 781]
[615, 561, 691, 442, 900, 68, 897, 0, 542, 449, 127, 819, 771, 424, 403, 393, 828, 87, 965, 59, 221, 740, 645, 14, 758, 128, 232, 604, 76, 464, 636, 586, 403, 946, 536, 211, 557, 917, 792, 859, 74, 353, 324, 165, 151, 131, 855, 22, 942, 32, 40, 918, 780, 214, 985, 413, 720, 421, 395, 807, 884, 143, 296, 834, 541, 289, 450, 135, 554, 544, 397, 74, 379, 953, 467, 991, 193, 835, 20, 554]
[809, 651, 582, 792, 267, 734, 877, 542, 0, 335, 277, 625, 322, 642, 237, 36, 269, 48, 166, 159, 683, 447, 852, 958, 656, 412, 851, 783, 452, 632, 100, 546, 500, 17, 168, 642, 468, 789, 427, 389, 944, 998, 716, 960, 797, 507, 984, 343, 91, 826, 774, 756, 10, 628, 273, 611, 345, 70, 36, 130, 364, 622, 802, 369, 490, 474, 486, 342, 638, 838, 689, 825, 826, 681, 973, 137, 582, 997, 246, 640]
[177, 443, 358, 93, 506, 498, 485, 449, 335, 0, 26, 721, 541, 682, 874, 799, 913, 611, 933, 985, 636, 39, 743, 370, 653, 173, 890, 381, 159, 628, 814, 47, 92, 477, 281, 796, 767, 770, 334, 314, 895, 815, 983, 639, 505, 124, 737, 985, 960, 614, 386, 707, 957, 346, 675, 809, 192, 943, 273, 35, 454, 658, 342, 502, 689, 270, 43, 528, 693, 746, 532, 341, 320, 548, 332, 213, 106, 115, 189, 283]
[435, 743, 627, 973, 695, 352, 238, 127, 277, 26, 0, 188, 855, 697, 868, 870, 130, 181, 160, 530, 582, 159, 341, 718, 918, 485, 494, 803, 636, 218, 734, 98, 325, 677, 727, 545, 655, 327, 776, 942, 134, 766, 19, 128, 964, 755, 701, 635, 808, 43, 922, 828, 515, 332, 302, 443, 1000, 347, 209, 868, 564, 537, 173, 131, 779, 181, 864, 172, 692, 518, 899, 991, 892, 30, 126, 981, 491, 79, 497, 96]
[143, 42, 554, 659, 895, 38, 773, 819, 625, 721, 188, 0, 212, 948, 307, 107, 477, 525, 426, 885, 585, 603, 252, 748, 463, 25, 672, 242, 502, 944, 882, 468, 950, 935, 26, 432, 566, 661, 98, 270, 311, 56, 704, 842, 435, 767, 170, 960, 927, 802, 27, 359, 218, 257, 56, 87, 926, 447, 164, 22, 646, 947, 622, 421, 634, 826, 677, 209, 549, 980, 581, 15, 711, 746, 152, 616, 799, 649, 353, 589]
[117, 942, 30, 893, 734, 313, 250, 771, 322, 541, 855, 212, 0, 253, 247, 173, 203, 551, 643, 134, 700, 141, 371, 132, 971, 834, 742, 164, 118, 773, 145, 404, 935, 763, 367, 423, 263, 450, 82, 152, 277, 156, 327, 772, 763, 600, 212, 981, 13, 219, 353, 296, 61, 583, 60, 437, 775, 834, 937, 298, 325, 426, 990, 821, 811, 272, 125, 86, 916, 169, 746, 301, 781, 630, 588, 49, 909, 796, 141, 525]
[398, 938, 167, 89, 83, 606, 663, 424, 642, 682, 697, 948, 253, 0, 530, 915, 555, 670, 770, 783, 451, 698, 105, 352, 27, 890, 819, 620, 435, 215, 292, 520, 353, 760, 642, 767, 863, 989, 565, 245, 749, 838, 743, 220, 15, 452, 280, 791, 133, 736, 529, 986, 764, 144, 541, 696, 317, 818, 360, 246, 202, 459, 230, 634, 401, 280, 746, 268, 700, 315, 20, 195, 973, 43, 210, 138, 435, 123, 266, 594]
[679, 302, 165, 341, 59, 589, 208, 403, 237, 874, 868, 307, 247, 530, 0, 13, 454, 974, 409, 887, 284, 562, 18, 403, 430, 244, 14, 28, 584, 203, 885, 443, 839, 215, 815, 865, 364, 231, 883, 557, 890, 251, 243, 13, 167, 66, 646, 395, 619, 975, 208, 576, 121, 912, 204, 754, 901, 790, 99, 670, 836, 640, 853, 802, 538, 597, 345, 830, 288, 408, 740, 385, 61, 900, 610, 722, 999, 783, 596, 545]
[497, 290, 968, 926, 284, 51, 185, 393, 36, 799, 870, 107, 173, 915, 13, 0, 832, 230, 542, 429, 567, 185, 630, 50, 579, 599, 268, 746, 751, 427, 340, 984, 64, 954, 535, 516, 595, 766, 301, 999, 200, 340, 576, 912, 832, 839, 191, 107, 595, 986, 116, 707, 816, 698, 890, 318, 598, 771, 834, 919, 129, 930, 333, 440, 319, 27, 269, 380, 390, 193, 883, 669, 603, 240, 260, 253, 98, 30, 864, 83]
[95, 922, 164, 398, 334, 122, 559, 828, 269, 913, 130, 477, 203, 555, 454, 832, 0, 546, 383, 262, 283, 172, 63, 113, 228, 218, 435, 861, 163, 359, 84, 530, 310, 783, 305, 247, 912, 146, 673, 13, 368, 274, 218, 277, 119, 368, 210, 423, 10, 844, 160, 394, 954, 17, 268, 647, 807, 352, 529, 533, 415, 973, 60, 764, 202, 230, 61, 675, 409, 752, 784, 103, 630, 742, 417, 817, 808, 588, 967, 140]
[549, 855, 103, 278, 887, 652, 124, 87, 48, 611, 181, 525, 551, 670, 974, 230, 546, 0, 28, 702, 591, 28, 800, 654, 361, 96, 766, 96, 518, 816, 93, 727, 943, 12, 315, 109, 134, 878, 845, 847, 682, 931, 616, 192, 791, 136, 19, 923, 67, 898, 654, 423, 979, 635, 925, 190, 405, 23, 111, 514, 192, 901, 612, 671, 279, 737, 464, 902, 918, 751, 923, 93, 259, 479, 599, 227, 727, 335, 773, 772]
[964, 730, 528, 556, 565, 131, 592, 965, 166, 933, 160, 426, 643, 770, 409, 542, 383, 28, 0, 134, 669, 805, 279, 18, 767, 798, 530, 629, 34, 175, 935, 196, 23, 929, 576, 21, 60, 125, 759, 786, 114, 124, 763, 62, 120, 893, 679, 538, 597, 446, 247, 914, 333, 614, 434, 293, 560, 388, 568, 12, 460, 742, 83, 401, 17, 884, 253, 251, 431, 371, 761, 931, 439, 655, 192, 516, 605, 25, 766, 236]
[641, 75, 597, 243, 346, 817, 93, 59, 159, 985, 530, 885, 134, 783, 887, 429, 262, 702, 134, 0, 425, 866, 24, 965, 43, 352, 125, 282, 991, 108, 442, 87, 131, 215, 968, 938, 685, 851, 239, 430, 773, 438, 561, 22, 774, 647, 96, 828, 585, 103, 640, 667, 991, 976, 415, 264, 19, 174, 378, 18, 199, 853, 539, 538, 14, 921, 985, 754, 547, 654, 76, 971, 783, 238, 992, 138, 808, 483, 940, 628]
[605, 651, 835, 402, 678, 544, 740, 221, 683, 636, 582, 585, 700, 451, 284, 567, 283, 591, 669, 425, 0, 653, 630, 388, 197, 565, 389, 807, 569, 912, 872, 247, 908, 396, 874, 204, 796, 632, 64, 970, 225, 803, 948, 70, 873, 554, 11, 191, 844, 377, 369, 901, 922, 971, 88, 573, 465, 504, 466, 262, 333, 854, 743, 730, 591, 310, 256, 424, 855, 354, 801, 638, 336, 230, 190, 21, 128, 839, 267, 913]
[613, 611, 247, 834, 325, 581, 967, 740, 447, 39, 159, 603, 141, 698, 562, 185, 172, 28, 805, 866, 653, 0, 848, 650, 224, 768, 134, 770, 500, 211, 908, 830, 27, 423, 480, 967, 430, 83, 511, 120, 626, 105, 443, 337, 462, 549, 469, 631, 221, 379, 49, 527, 104, 332, 169, 456, 321, 605, 340, 890, 791, 265, 975, 635, 906, 19, 569, 295, 341, 347, 885, 320, 269, 106, 910, 320, 476, 723, 922, 384]
[519, 216, 492, 576, 478, 146, 713, 645, 852, 743, 341, 252, 371, 105, 18, 630, 63, 800, 279, 24, 630, 848, 0, 643, 988, 994, 913, 828, 950, 442, 753, 814, 326, 150, 816, 310, 591, 477, 352, 325, 661, 208, 851, 226, 653, 219, 179, 70, 858, 583, 936, 522, 235, 496, 824, 631, 58, 318, 674, 57, 703, 595, 160, 534, 28, 543, 745, 93, 377, 688, 525, 467, 547, 662, 406, 366, 789, 118, 540, 722]
[253, 911, 420, 358, 942, 121, 745, 14, 958, 370, 718, 748, 132, 352, 403, 50, 113, 654, 18, 965, 388, 650, 643, 0, 482, 23, 941, 174, 386, 705, 185, 516, 601, 319, 382, 508, 135, 834, 46, 955, 51, 510, 112, 841, 499, 993, 175, 620, 751, 978, 595, 415, 185, 649, 232, 205, 493, 403, 508, 644, 314, 956, 190, 873, 330, 704, 182, 737, 142, 126, 329, 78, 804, 743, 299, 702, 449, 605, 775, 377]
[385, 145, 474, 155, 943, 737, 833, 758, 656, 653, 918, 463, 971, 27, 430, 579, 228, 361, 767, 43, 197, 224, 988, 482, 0, 745, 81, 147, 392, 449, 321, 309, 80, 348, 906, 205, 211, 867, 304, 845, 382, 122, 946, 597, 999, 586, 730, 897, 830, 586, 446, 489, 191, 493, 724, 40, 902, 227, 224, 859, 479, 950, 668, 747, 903, 594, 555, 655, 747, 314, 58, 103, 419, 921, 730, 850, 920, 651, 296, 212]
[155, 399, 149, 246, 426, 927, 727, 128, 412, 173, 485, 25, 834, 890, 244, 599, 218, 96, 798, 352, 565, 768, 994, 23, 745, 0, 827, 773, 672, 531, 701, 984, 146, 669, 533, 840, 582, 652, 374, 518, 572, 72, 871, 351, 383, 997, 137, 517, 209, 89, 541, 227, 498, 839, 926, 830, 253, 333, 116, 332, 736, 251, 456, 851, 509, 362, 91, 103, 605, 534, 467, 144, 378, 47, 621, 83, 792, 78, 837, 74]
[140, 710, 525, 257, 845, 630, 170, 232, 851, 890, 494, 672, 742, 819, 14, 268, 435, 766, 530, 125, 389, 134, 913, 941, 81, 827, 0, 678, 489, 175, 245, 203, 355, 692, 481, 466, 858, 161, 567, 408, 559, 58, 941, 258, 864, 87, 511, 973, 401, 880, 729, 144, 530, 278, 445, 520, 146, 11, 725, 84, 404, 524, 503, 649, 803, 751, 719, 272, 225, 740, 662, 581, 118, 141, 947, 29, 489, 682, 915, 584]
[542, 31, 660, 324, 89, 470, 635, 604, 783, 381, 803, 242, 164, 620, 28, 746, 861, 96, 629, 282, 807, 770, 828, 174, 147, 773, 678, 0, 440, 971, 617, 207, 34, 844, 603, 750, 879, 943, 380, 557, 510, 800, 153, 282, 623, 998, 730, 658, 566, 383, 188, 246, 608, 998, 873, 543, 664, 482, 544, 726, 114, 757, 608, 102, 176, 576, 840, 764, 810, 239, 161, 549, 146, 93, 488, 662, 416, 491, 165, 588]
[777, 161, 741, 718, 415, 816, 65, 76, 452, 159, 636, 502, 118, 435, 584, 751, 163, 518, 34, 991, 569, 500, 950, 386, 392, 672, 489, 440, 0, 996, 211, 68, 33, 139, 997, 781, 363, 109, 248, 967, 866, 30, 74, 155, 431, 427, 753, 772, 501, 562, 114, 840, 905, 968, 830, 214, 98, 737, 947, 137, 817, 177, 939, 306, 712, 637, 450, 21, 376, 191, 558, 303, 542, 222, 288, 712, 416, 209, 913, 115]
[964, 175, 418, 432, 689, 113, 264, 464, 632, 628, 218, 944, 773, 215, 203, 427, 359, 816, 175, 108, 912, 211, 442, 705, 449, 531, 175, 971, 996, 0, 247, 154, 265, 523, 212, 294, 976, 176, 285, 608, 414, 137, 558, 349, 756, 551, 98, 880, 192, 560, 220, 783, 529, 997, 845, 718, 626, 588, 856, 520, 650, 61, 502, 752, 690, 459, 405, 601, 217, 710, 555, 553, 889, 353, 659, 122, 742, 92, 854, 862]
[166, 363, 57, 958, 95, 854, 191, 636, 100, 814, 734, 882, 145, 292, 885, 340, 84, 93, 935, 442, 872, 908, 753, 185, 321, 701, 245, 617, 211, 247, 0, 43, 602, 149, 535, 690, 158, 603, 556, 979, 817, 953, 138, 407, 75, 920, 604, 157, 631, 670, 845, 858, 431, 129, 415, 698, 524, 418, 369, 101, 542, 138, 741, 74, 462, 783, 986, 584, 55, 589, 233, 567, 365, 23, 246, 277, 338, 68, 953, 715]
[87, 547, 214, 825, 957, 393, 852, 586, 546, 47, 98, 468, 404, 520, 443, 984, 530, 727, 196, 87, 247, 830, 814, 516, 309, 984, 203, 207, 68, 154, 43, 0, 328, 15, 201, 87, 79, 289, 446, 981, 260, 977, 491, 920, 819, 996, 961, 56, 877, 922, 946, 791, 433, 60, 132, 652, 192, 120, 954, 240, 498, 380, 145, 808, 880, 689, 313, 261, 425, 657, 89, 633, 712, 840, 163, 993, 363, 215, 483, 823]
[727, 197, 550, 343, 315, 583, 249, 403, 500, 92, 325, 950, 935, 353, 839, 64, 310, 943, 23, 131, 908, 27, 326, 601, 80, 146, 355, 34, 33, 265, 602, 328, 0, 396, 996, 184, 945, 809, 496, 133, 880, 501, 173, 473, 619, 923, 465, 815, 980, 375, 713, 399, 761, 335, 657, 373, 190, 456, 461, 352, 204, 486, 309, 406, 166, 298, 952, 653, 459, 618, 133, 289, 933, 466, 539, 256, 492, 478, 352, 952]
[375, 976, 357, 147, 352, 382, 329, 946, 17, 477, 677, 935, 763, 760, 215, 954, 783, 12, 929, 215, 396, 423, 150, 319, 348, 669, 692, 844, 139, 523, 149, 15, 396, 0, 440, 536, 585, 709, 252, 779, 379, 541, 617, 181, 737, 119, 918, 372, 399, 63, 729, 844, 273, 565, 372, 715, 815, 586, 243, 411, 999, 379, 666, 666, 965, 383, 617, 885, 649, 81, 476, 817, 854, 438, 879, 265, 214, 950, 901, 667]
[818, 251, 993, 462, 163, 439, 193, 536, 168, 281, 727, 26, 367, 642, 815, 535, 305, 315, 576, 968, 874, 480, 816, 382, 906, 533, 481, 603, 997, 212, 535, 201, 996, 440, 0, 55, 51, 872, 194, 46, 635, 940, 24, 763, 353, 652, 372, 657, 553, 139, 159, 46, 676, 912, 560, 553, 798, 751, 790, 894, 485, 262, 201, 853, 867, 411, 860, 104, 991, 437, 328, 302, 316, 30, 896, 460, 996, 288, 827, 255]
[984, 532, 358, 536, 61, 731, 76, 211, 642, 796, 545, 432, 423, 767, 865, 516, 247, 109, 21, 938, 204, 967, 310, 508, 205, 840, 466, 750, 781, 294, 690, 87, 184, 536, 55, 0, 498, 314, 367, 876, 401, 492, 256, 359, 533, 699, 563, 401, 145, 830, 529, 113, 595, 438, 468, 438, 291, 770, 741, 120, 176, 169, 55, 159, 763, 202, 928, 366, 63, 578, 524, 420, 318, 763, 113, 915, 643, 731, 608, 600]
[486, 851, 691, 484, 729, 106, 145, 557, 468, 767, 655, 566, 263, 863, 364, 595, 912, 134, 60, 685, 796, 430, 591, 135, 211, 582, 858, 879, 363, 976, 158, 79, 945, 585, 51, 498, 0, 852, 852, 239, 484, 450, 304, 613, 913, 247, 739, 515, 829, 195, 729, 52, 506, 506, 680, 457, 963, 418, 248, 577, 660, 281, 811, 427, 998, 681, 732, 661, 126, 474, 426, 822, 639, 277, 868, 494, 499, 407, 462, 812]
[483, 799, 961, 217, 567, 775, 106, 917, 789, 770, 327, 661, 450, 989, 231, 766, 146, 878, 125, 851, 632, 83, 477, 834, 867, 652, 161, 943, 109, 176, 603, 289, 809, 709, 872, 314, 852, 0, 656, 613, 404, 803, 439, 348, 264, 362, 162, 764, 252, 365, 561, 96, 472, 177, 588, 449, 905, 918, 916, 675, 810, 21, 208, 906, 686, 408, 774, 27, 633, 394, 57, 172, 928, 651, 351, 677, 756, 805, 584, 943]
[604, 591, 463, 528, 199, 198, 553, 792, 427, 334, 776, 98, 82, 565, 883, 301, 673, 845, 759, 239, 64, 511, 352, 46, 304, 374, 567, 380, 248, 285, 556, 446, 496, 252, 194, 367, 852, 656, 0, 847, 246, 63, 664, 420, 807, 909, 742, 584, 267, 747, 716, 29, 571, 913, 708, 302, 643, 769, 792, 84, 182, 229, 933, 895, 318, 157, 608, 990, 980, 590, 756, 300, 770, 955, 110, 863, 341, 650, 192, 182]
[577, 893, 616, 883, 81, 45, 656, 859, 389, 314, 942, 270, 152, 245, 557, 999, 13, 847, 786, 430, 970, 120, 325, 955, 845, 518, 408, 557, 967, 608, 979, 981, 133, 779, 46, 876, 239, 613, 847, 0, 757, 54, 102, 307, 640, 880, 48, 634, 395, 464, 930, 826, 735, 408, 314, 569, 657, 627, 426, 716, 630, 407, 317, 61, 879, 298, 250, 610, 123, 96, 972, 958, 735, 573, 54, 959, 926, 532, 12, 201]
[412, 947, 916, 233, 827, 747, 556, 74, 944, 895, 134, 311, 277, 749, 890, 200, 368, 682, 114, 773, 225, 626, 661, 51, 382, 572, 559, 510, 866, 414, 817, 260, 880, 379, 635, 401, 484, 404, 246, 757, 0, 281, 416, 741, 879, 432, 125, 322, 586, 625, 621, 824, 496, 133, 166, 879, 92, 624, 763, 161, 894, 869, 236, 512, 884, 80, 61, 52, 830, 627, 221, 550, 606, 716, 303, 667, 31, 605, 309, 799]
[797, 37, 136, 794, 888, 851, 114, 353, 998, 815, 766, 56, 156, 838, 251, 340, 274, 931, 124, 438, 803, 105, 208, 510, 122, 72, 58, 800, 30, 137, 953, 977, 501, 541, 940, 492, 450, 803, 63, 54, 281, 0, 554, 415, 780, 688, 830, 184, 637, 149, 406, 578, 150, 899, 137, 560, 791, 805, 128, 518, 43, 35, 658, 892, 163, 821, 983, 997, 624, 752, 249, 852, 817, 823, 64, 781, 145, 239, 763, 392]
[946, 811, 422, 818, 139, 663, 639, 324, 716, 983, 19, 704, 327, 743, 243, 576, 218, 616, 763, 561, 948, 443, 851, 112, 946, 871, 941, 153, 74, 558, 138, 491, 173, 617, 24, 256, 304, 439, 664, 102, 416, 554, 0, 485, 411, 178, 831, 438, 868, 686, 93, 565, 796, 640, 551, 274, 830, 846, 141, 229, 736, 155, 376, 998, 713, 547, 189, 479, 842, 537, 233, 86, 916, 518, 161, 588, 875, 567, 575, 919]
[862, 446, 380, 96, 472, 954, 426, 165, 960, 639, 128, 842, 772, 220, 13, 912, 277, 192, 62, 22, 70, 337, 226, 841, 597, 351, 258, 282, 155, 349, 407, 920, 473, 181, 763, 359, 613, 348, 420, 307, 741, 415, 485, 0, 975, 92, 225, 113, 108, 784, 78, 592, 330, 105, 447, 214, 209, 941, 577, 390, 234, 694, 737, 773, 291, 859, 35, 480, 202, 989, 322, 150, 469, 550, 232, 200, 130, 883, 198, 697]
[850, 942, 578, 52, 454, 941, 142, 151, 797, 505, 964, 435, 763, 15, 167, 832, 119, 791, 120, 774, 873, 462, 653, 499, 999, 383, 864, 623, 431, 756, 75, 819, 619, 737, 353, 533, 913, 264, 807, 640, 879, 780, 411, 975, 0, 217, 340, 510, 202, 45, 367, 470, 201, 660, 288, 305, 824, 421, 464, 718, 867, 424, 497, 138, 632, 831, 251, 685, 116, 972, 798, 729, 748, 91, 735, 896, 382, 271, 312, 695]
[485, 418, 141, 788, 355, 237, 200, 131, 507, 124, 755, 767, 600, 452, 66, 839, 368, 136, 893, 647, 554, 549, 219, 993, 586, 997, 87, 998, 427, 551, 920, 996, 923, 119, 652, 699, 247, 362, 909, 880, 432, 688, 178, 92, 217, 0, 178, 910, 955, 606, 790, 464, 778, 670, 106, 269, 142, 835, 496, 936, 93, 605, 162, 218, 821, 893, 853, 310, 83, 439, 389, 569, 544, 807, 957, 890, 421, 172, 414, 559]
[245, 959, 923, 209, 67, 750, 542, 855, 984, 737, 701, 170, 212, 280, 646, 191, 210, 19, 679, 96, 11, 469, 179, 175, 730, 137, 511, 730, 753, 98, 604, 961, 465, 918, 372, 563, 739, 162, 742, 48, 125, 830, 831, 225, 340, 178, 0, 686, 147, 98, 134, 406, 58, 393, 756, 129, 419, 679, 60, 249, 598, 201, 148, 757, 799, 231, 864, 218, 103, 608, 330, 414, 974, 648, 322, 27, 46, 225, 335, 696]
[125, 477, 894, 26, 871, 944, 500, 22, 343, 985, 635, 960, 981, 791, 395, 107, 423, 923, 538, 828, 191, 631, 70, 620, 897, 517, 973, 658, 772, 880, 157, 56, 815, 372, 657, 401, 515, 764, 584, 634, 322, 184, 438, 113, 510, 910, 686, 0, 474, 491, 737, 628, 40, 928, 796, 204, 182, 467, 791, 610, 958, 104, 669, 268, 747, 899, 570, 711, 852, 380, 202, 477, 305, 693, 851, 218, 993, 219, 565, 665]
[677, 720, 864, 109, 498, 899, 833, 942, 91, 960, 808, 927, 13, 133, 619, 595, 10, 67, 597, 585, 844, 221, 858, 751, 830, 209, 401, 566, 501, 192, 631, 877, 980, 399, 553, 145, 829, 252, 267, 395, 586, 637, 868, 108, 202, 955, 147, 474, 0, 693, 524, 1000, 814, 797, 743, 200, 79, 151, 918, 273, 225, 380, 593, 464, 864, 215, 311, 580, 356, 123, 201, 861, 301, 128, 228, 607, 188, 313, 849, 624]
[640, 448, 253, 713, 829, 820, 567, 32, 826, 614, 43, 802, 219, 736, 975, 986, 844, 898, 446, 103, 377, 379, 583, 978, 586, 89, 880, 383, 562, 560, 670, 922, 375, 63, 139, 830, 195, 365, 747, 464, 625, 149, 686, 784, 45, 606, 98, 491, 693, 0, 153, 619, 601, 847, 609, 114, 857, 522, 240, 104, 338, 371, 736, 18, 454, 482, 231, 69, 181, 194, 891, 326, 616, 423, 866, 319, 386, 95, 97, 177]
[891, 13, 266, 776, 272, 401, 398, 40, 774, 386, 922, 27, 353, 529, 208, 116, 160, 654, 247, 640, 369, 49, 936, 595, 446, 541, 729, 188, 114, 220, 845, 946, 713, 729, 159, 529, 729, 561, 716, 930, 621, 406, 93, 78, 367, 790, 134, 737, 524, 153, 0, 643, 281, 323, 380, 857, 823, 386, 619, 563, 489, 646, 979, 355, 132, 842, 971, 507, 538, 966, 597, 179, 772, 915, 876, 985, 947, 732, 129, 788]
[946, 332, 874, 333, 162, 529, 104, 918, 756, 707, 828, 359, 296, 986, 576, 707, 394, 423, 914, 667, 901, 527, 522, 415, 489, 227, 144, 246, 840, 783, 858, 791, 399, 844, 46, 113, 52, 96, 29, 826, 824, 578, 565, 592, 470, 464, 406, 628, 1000, 619, 643, 0, 445, 117, 347, 138, 605, 270, 986, 752, 849, 307, 960, 757, 234, 567, 477, 277, 350, 668, 694, 950, 350, 164, 803, 109, 960, 822, 745, 816]
[314, 867, 167, 563, 962, 797, 72, 780, 10, 957, 515, 218, 61, 764, 121, 816, 954, 979, 333, 991, 922, 104, 235, 185, 191, 498, 530, 608, 905, 529, 431, 433, 761, 273, 676, 595, 506, 472, 571, 735, 496, 150, 796, 330, 201, 778, 58, 40, 814, 601, 281, 445, 0, 673, 41, 836, 877, 69, 688, 509, 714, 976, 97, 756, 565, 965, 954, 438, 109, 438, 816, 512, 138, 287, 127, 131, 321, 613, 299, 368]
[569, 189, 831, 333, 628, 793, 625, 214, 628, 346, 332, 257, 583, 144, 912, 698, 17, 635, 614, 976, 971, 332, 496, 649, 493, 839, 278, 998, 968, 997, 129, 60, 335, 565, 912, 438, 506, 177, 913, 408, 133, 899, 640, 105, 660, 670, 393, 928, 797, 847, 323, 117, 673, 0, 586, 617, 142, 997, 324, 108, 910, 303, 742, 317, 865, 712, 895, 443, 994, 294, 372, 329, 233, 526, 631, 575, 725, 476, 83, 748]
[216, 455, 283, 622, 279, 451, 772, 985, 273, 675, 302, 56, 60, 541, 204, 890, 268, 925, 434, 415, 88, 169, 824, 232, 724, 926, 445, 873, 830, 845, 415, 132, 657, 372, 560, 468, 680, 588, 708, 314, 166, 137, 551, 447, 288, 106, 756, 796, 743, 609, 380, 347, 41, 586, 0, 366, 59, 794, 80, 712, 870, 131, 534, 431, 268, 921, 893, 30, 701, 127, 944, 866, 157, 259, 968, 715, 93, 527, 199, 158]
[823, 14, 654, 733, 821, 593, 488, 413, 611, 809, 443, 87, 437, 696, 754, 318, 647, 190, 293, 264, 573, 456, 631, 205, 40, 830, 520, 543, 214, 718, 698, 652, 373, 715, 553, 438, 457, 449, 302, 569, 879, 560, 274, 214, 305, 269, 129, 204, 200, 114, 857, 138, 836, 617, 366, 0, 577, 61, 147, 735, 951, 800, 456, 42, 496, 433, 585, 848, 619, 71, 354, 857, 173, 992, 487, 658, 46, 667, 78, 939]
[863, 49, 491, 618, 167, 354, 447, 720, 345, 192, 1000, 926, 775, 317, 901, 598, 807, 405, 560, 19, 465, 321, 58, 493, 902, 253, 146, 664, 98, 626, 524, 192, 190, 815, 798, 291, 963, 905, 643, 657, 92, 791, 830, 209, 824, 142, 419, 182, 79, 857, 823, 605, 877, 142, 59, 577, 0, 864, 582, 538, 967, 860, 505, 829, 79, 202, 608, 133, 63, 631, 899, 383, 185, 723, 394, 108, 577, 38, 680, 839]
[875, 190, 154, 763, 752, 696, 571, 421, 70, 943, 347, 447, 834, 818, 790, 771, 352, 23, 388, 174, 504, 605, 318, 403, 227, 333, 11, 482, 737, 588, 418, 120, 456, 586, 751, 770, 418, 918, 769, 627, 624, 805, 846, 941, 421, 835, 679, 467, 151, 522, 386, 270, 69, 997, 794, 61, 864, 0, 768, 68, 506, 685, 932, 883, 877, 728, 57, 249, 536, 794, 549, 838, 974, 636, 719, 531, 683, 499, 733, 130]
[897, 93, 946, 776, 842, 847, 699, 395, 36, 273, 209, 164, 937, 360, 99, 834, 529, 111, 568, 378, 466, 340, 674, 508, 224, 116, 725, 544, 947, 856, 369, 954, 461, 243, 790, 741, 248, 916, 792, 426, 763, 128, 141, 577, 464, 496, 60, 791, 918, 240, 619, 986, 688, 324, 80, 147, 582, 768, 0, 826, 431, 391, 189, 304, 641, 175, 193, 933, 605, 153, 11, 697, 84, 652, 426, 110, 1000, 285, 520, 527]
[171, 697, 514, 387, 951, 430, 358, 807, 130, 35, 868, 22, 298, 246, 670, 919, 533, 514, 12, 18, 262, 890, 57, 644, 859, 332, 84, 726, 137, 520, 101, 240, 352, 411, 894, 120, 577, 675, 84, 716, 161, 518, 229, 390, 718, 936, 249, 610, 273, 104, 563, 752, 509, 108, 712, 735, 538, 68, 826, 0, 839, 477, 684, 655, 783, 562, 475, 895, 71, 249, 62, 377, 300, 635, 466, 685, 811, 799, 915, 543]
[38, 828, 154, 518, 538, 458, 457, 884, 364, 454, 564, 646, 325, 202, 836, 129, 415, 192, 460, 199, 333, 791, 703, 314, 479, 736, 404, 114, 817, 650, 542, 498, 204, 999, 485, 176, 660, 810, 182, 630, 894, 43, 736, 234, 867, 93, 598, 958, 225, 338, 489, 849, 714, 910, 870, 951, 967, 506, 431, 839, 0, 995, 974, 882, 426, 548, 773, 499, 467, 433, 776, 891, 835, 917, 757, 707, 654, 724, 137, 77]
[394, 557, 676, 407, 222, 252, 995, 143, 622, 658, 537, 947, 426, 459, 640, 930, 973, 901, 742, 853, 854, 265, 595, 956, 950, 251, 524, 757, 177, 61, 138, 380, 486, 379, 262, 169, 281, 21, 229, 407, 869, 35, 155, 694, 424, 605, 201, 104, 380, 371, 646, 307, 976, 303, 131, 800, 860, 685, 391, 477, 995, 0, 15, 197, 830, 220, 334, 960, 506, 203, 602, 826, 471, 252, 295, 784, 939, 316, 590, 236]
[229, 319, 954, 482, 493, 652, 998, 296, 802, 342, 173, 622, 990, 230, 853, 333, 60, 612, 83, 539, 743, 975, 160, 190, 668, 456, 503, 608, 939, 502, 741, 145, 309, 666, 201, 55, 811, 208, 933, 317, 236, 658, 376, 737, 497, 162, 148, 669, 593, 736, 979, 960, 97, 742, 534, 456, 505, 932, 189, 684, 974, 15, 0, 895, 160, 782, 718, 299, 384, 470, 130, 298, 945, 609, 671, 25, 395, 196, 226, 341]
[969, 556, 190, 590, 284, 176, 73, 834, 369, 502, 131, 421, 821, 634, 802, 440, 764, 671, 401, 538, 730, 635, 534, 873, 747, 851, 649, 102, 306, 752, 74, 808, 406, 666, 853, 159, 427, 906, 895, 61, 512, 892, 998, 773, 138, 218, 757, 268, 464, 18, 355, 757, 756, 317, 431, 42, 829, 883, 304, 655, 882, 197, 895, 0, 137, 613, 896, 412, 183, 832, 294, 486, 25, 914, 601, 46, 629, 269, 830, 238]
[384, 76, 541, 835, 558, 692, 732, 541, 490, 689, 779, 634, 811, 401, 538, 319, 202, 279, 17, 14, 591, 906, 28, 330, 903, 509, 803, 176, 712, 690, 462, 880, 166, 965, 867, 763, 998, 686, 318, 879, 884, 163, 713, 291, 632, 821, 799, 747, 864, 454, 132, 234, 565, 865, 268, 496, 79, 877, 641, 783, 426, 830, 160, 137, 0, 529, 787, 672, 265, 521, 164, 808, 318, 429, 238, 284, 563, 80, 74, 740]
[542, 531, 861, 471, 640, 669, 671, 289, 474, 270, 181, 826, 272, 280, 597, 27, 230, 737, 884, 921, 310, 19, 543, 704, 594, 362, 751, 576, 637, 459, 783, 689, 298, 383, 411, 202, 681, 408, 157, 298, 80, 821, 547, 859, 831, 893, 231, 899, 215, 482, 842, 567, 965, 712, 921, 433, 202, 728, 175, 562, 548, 220, 782, 613, 529, 0, 96, 69, 687, 495, 410, 124, 91, 92, 688, 279, 926, 683, 473, 512]
[224, 724, 693, 560, 194, 893, 785, 450, 486, 43, 864, 677, 125, 746, 345, 269, 61, 464, 253, 985, 256, 569, 745, 182, 555, 91, 719, 840, 450, 405, 986, 313, 952, 617, 860, 928, 732, 774, 608, 250, 61, 983, 189, 35, 251, 853, 864, 570, 311, 231, 971, 477, 954, 895, 893, 585, 608, 57, 193, 475, 773, 334, 718, 896, 787, 96, 0, 750, 400, 196, 393, 201, 418, 587, 526, 304, 478, 437, 823, 155]
[438, 375, 938, 329, 425, 153, 193, 135, 342, 528, 172, 209, 86, 268, 830, 380, 675, 902, 251, 754, 424, 295, 93, 737, 655, 103, 272, 764, 21, 601, 584, 261, 653, 885, 104, 366, 661, 27, 990, 610, 52, 997, 479, 480, 685, 310, 218, 711, 580, 69, 507, 277, 438, 443, 30, 848, 133, 249, 933, 895, 499, 960, 299, 412, 672, 69, 750, 0, 960, 932, 825, 24, 977, 18, 438, 877, 580, 362, 923, 526]
[292, 466, 406, 995, 578, 156, 21, 554, 638, 693, 692, 549, 916, 700, 288, 390, 409, 918, 431, 547, 855, 341, 377, 142, 747, 605, 225, 810, 376, 217, 55, 425, 459, 649, 991, 63, 126, 633, 980, 123, 830, 624, 842, 202, 116, 83, 103, 852, 356, 181, 538, 350, 109, 994, 701, 619, 63, 536, 605, 71, 467, 506, 384, 183, 265, 687, 400, 960, 0, 381, 73, 931, 925, 822, 611, 296, 492, 940, 190, 569]
[237, 678, 357, 600, 122, 358, 975, 544, 838, 746, 518, 980, 169, 315, 408, 193, 752, 751, 371, 654, 354, 347, 688, 126, 314, 534, 740, 239, 191, 710, 589, 657, 618, 81, 437, 578, 474, 394, 590, 96, 627, 752, 537, 989, 972, 439, 608, 380, 123, 194, 966, 668, 438, 294, 127, 71, 631, 794, 153, 249, 433, 203, 470, 832, 521, 495, 196, 932, 381, 0, 184, 520, 831, 339, 458, 751, 584, 646, 286, 279]
[459, 508, 650, 260, 776, 663, 340, 397, 689, 532, 899, 581, 746, 20, 740, 883, 784, 923, 761, 76, 801, 885, 525, 329, 58, 467, 662, 161, 558, 555, 233, 89, 133, 476, 328, 524, 426, 57, 756, 972, 221, 249, 233, 322, 798, 389, 330, 202, 201, 891, 597, 694, 816, 372, 944, 354, 899, 549, 11, 62, 776, 602, 130, 294, 164, 410, 393, 825, 73, 184, 0, 864, 655, 455, 481, 693, 189, 994, 309, 24]
[598, 16, 540, 698, 899, 474, 788, 74, 825, 341, 991, 15, 301, 195, 385, 669, 103, 93, 931, 971, 638, 320, 467, 78, 103, 144, 581, 549, 303, 553, 567, 633, 289, 817, 302, 420, 822, 172, 300, 958, 550, 852, 86, 150, 729, 569, 414, 477, 861, 326, 179, 950, 512, 329, 866, 857, 383, 838, 697, 377, 891, 826, 298, 486, 808, 124, 201, 24, 931, 520, 864, 0, 698, 40, 255, 870, 420, 542, 503, 794]
[978, 43, 112, 424, 257, 355, 631, 379, 826, 320, 892, 711, 781, 973, 61, 603, 630, 259, 439, 783, 336, 269, 547, 804, 419, 378, 118, 146, 542, 889, 365, 712, 933, 854, 316, 318, 639, 928, 770, 735, 606, 817, 916, 469, 748, 544, 974, 305, 301, 616, 772, 350, 138, 233, 157, 173, 185, 974, 84, 300, 835, 471, 945, 25, 318, 91, 418, 977, 925, 831, 655, 698, 0, 665, 215, 768, 256, 555, 51, 979]
[43, 336, 442, 943, 303, 456, 213, 953, 681, 548, 30, 746, 630, 43, 900, 240, 742, 479, 655, 238, 230, 106, 662, 743, 921, 47, 141, 93, 222, 353, 23, 840, 466, 438, 30, 763, 277, 651, 955, 573, 716, 823, 518, 550, 91, 807, 648, 693, 128, 423, 915, 164, 287, 526, 259, 992, 723, 636, 652, 635, 917, 252, 609, 914, 429, 92, 587, 18, 822, 339, 455, 40, 665, 0, 735, 206, 30, 668, 219, 702]
[872, 13, 282, 494, 547, 140, 450, 467, 973, 332, 126, 152, 588, 210, 610, 260, 417, 599, 192, 992, 190, 910, 406, 299, 730, 621, 947, 488, 288, 659, 246, 163, 539, 879, 896, 113, 868, 351, 110, 54, 303, 64, 161, 232, 735, 957, 322, 851, 228, 866, 876, 803, 127, 631, 968, 487, 394, 719, 426, 466, 757, 295, 671, 601, 238, 688, 526, 438, 611, 458, 481, 255, 215, 735, 0, 223, 14, 252, 692, 553]
[529, 476, 746, 559, 843, 909, 259, 991, 137, 213, 981, 616, 49, 138, 722, 253, 817, 227, 516, 138, 21, 320, 366, 702, 850, 83, 29, 662, 712, 122, 277, 993, 256, 265, 460, 915, 494, 677, 863, 959, 667, 781, 588, 200, 896, 890, 27, 218, 607, 319, 985, 109, 131, 575, 715, 658, 108, 531, 110, 685, 707, 784, 25, 46, 284, 279, 304, 877, 296, 751, 693, 870, 768, 206, 223, 0, 589, 104, 917, 454]
[717, 496, 75, 890, 569, 800, 370, 193, 582, 106, 491, 799, 909, 435, 999, 98, 808, 727, 605, 808, 128, 476, 789, 449, 920, 792, 489, 416, 416, 742, 338, 363, 492, 214, 996, 643, 499, 756, 341, 926, 31, 145, 875, 130, 382, 421, 46, 993, 188, 386, 947, 960, 321, 725, 93, 46, 577, 683, 1000, 811, 654, 939, 395, 629, 563, 926, 478, 580, 492, 584, 189, 420, 256, 30, 14, 589, 0, 345, 347, 269]
[349, 433, 681, 366, 960, 429, 758, 835, 997, 115, 79, 649, 796, 123, 783, 30, 588, 335, 25, 483, 839, 723, 118, 605, 651, 78, 682, 491, 209, 92, 68, 215, 478, 950, 288, 731, 407, 805, 650, 532, 605, 239, 567, 883, 271, 172, 225, 219, 313, 95, 732, 822, 613, 476, 527, 667, 38, 499, 285, 799, 724, 316, 196, 269, 80, 683, 437, 362, 940, 646, 994, 542, 555, 668, 252, 104, 345, 0, 872, 687]
[530, 956, 158, 991, 721, 622, 882, 20, 246, 189, 497, 353, 141, 266, 596, 864, 967, 773, 766, 940, 267, 922, 540, 775, 296, 837, 915, 165, 913, 854, 953, 483, 352, 901, 827, 608, 462, 584, 192, 12, 309, 763, 575, 198, 312, 414, 335, 565, 849, 97, 129, 745, 299, 83, 199, 78, 680, 733, 520, 915, 137, 590, 226, 830, 74, 473, 823, 923, 190, 286, 309, 503, 51, 219, 692, 917, 347, 872, 0, 966]
[802, 862, 493, 348, 153, 355, 781, 554, 640, 283, 96, 589, 525, 594, 545, 83, 140, 772, 236, 628, 913, 384, 722, 377, 212, 74, 584, 588, 115, 862, 715, 823, 952, 667, 255, 600, 812, 943, 182, 201, 799, 392, 919, 697, 695, 559, 696, 665, 624, 177, 788, 816, 368, 748, 158, 939, 839, 130, 527, 543, 77, 236, 341, 238, 740, 512, 155, 526, 569, 279, 24, 794, 979, 702, 553, 454, 269, 687, 966, 0]
