[0, 203, 487, 56, 354, 443, 596, 696, 512, 837, 555, 705, 379, 54, 210, 194, 662, 161, 483, 557, 703, 807, 80, 82, 592, 443, 766, 807, 635, 374, 685, 154, 476, 390, 256, 80, 177, 541, 950, 982, 275, 251, 988, 951, 72, 806, 287, 994, 698, 340, 567, 765, 188, 428, 283, 117, 991, 851, 849, 783, 76, 607, 27, 498, 340, 346, 291, 536, 115, 675, 597, 717, 532, 419, 801, 77, 789, 913, 276, 403, 938, 124, 114, 84, 553, 435, 272, 927, 966, 516, 973, 705, 622, 50, 431, 696, 794, 816, 115, 278, 786, 44, 366, 608, 444, 456, 780, 61, 407, 148, 874, 500, 337, 919, 78, 57, 822, 549, 665, 926],
[203, 0, 876, 275, 307, 954, 433, 853, 569, 869, 266, 794, 858, 188, 932, 311, 416, 537, 789, 64, 300, 339, 525, 167, 271, 578, 351, 878, 445, 50, 596, 116, 495, 34, 879, 193, 202, 894, 473, 221, 691, 363, 155, 84, 52, 303, 859, 281, 787, 971, 24, 375, 343, 54, 946, 138, 838, 931, 762, 836, 400, 959, 811, 514, 170, 68, 24, 447, 690, 66, 725, 806, 253, 329, 312, 257, 289, 691, 556, 608, 39, 847, 608, 821, 101, 900, 321, 680, 666, 306, 672, 506, 662, 74, 435, 946, 253, 616, 44, 947, 225, 941, 697, 176, 134, 205, 976, 204, 22, 457, 524, 468, 414, 196, 575, 204, 292, 14, 931, 25],
[487, 876, 0, 90, 503, 977, 658, 859, 342, 746, 587, 568, 189, 975, 941, 917, 47, 403, 358, 420, 956, 695, 16, 974, 360, 925, 940, 991, 992, 326, 690, 587, 33, 937, 172, 898, 130, 18, 166, 504, 870, 422, 745, 929, 106, 305, 541, 17, 292, 984, 32, 249, 549, 115, 768, 370, 867, 483, 655, 225, 856, 800, 227, 310, 395, 60, 709, 836, 271, 563, 385, 125, 565, 700, 376, 221, 88, 386, 164, 795, 838, 916, 806, 14, 475, 568, 541, 41, 373, 928, 556, 802, 377, 713, 987, 454, 902, 505, 702, 240, 91, 588, 440, 954, 547, 521, 462, 894, 124, 378, 538, 481, 862, 990, 778, 326, 122, 366, 729, 211],
[56, 275, 90, 0, 886, 495, 721, 25, 397, 826, 509, 178, 992, 458, 439, 672, 887, 519, 400, 972, 542, 281, 330, 522, 813, 460, 614, 580, 456, 167, 932, 373, 920, 842, 55, 311, 680, 320, 732, 283, 442, 484, 213, 928, 80, 174, 704, 328, 693, 777, 538, 420, 417, 77, 355, 777, 514, 142, 839, 67, 515, 185, 287, 504, 667, 354, 884, 99, 972, 186, 389, 14, 198, 511, 506, 995, 444, 798, 777, 870, 62, 756, 791, 910, 171, 711, 98, 597, 351, 296, 918, 207, 598, 626, 208, 802, 330, 773, 807, 567, 700, 49, 249, 371, 732, 105, 466, 169, 35, 76, 39, 35, 165, 76, 296, 608, 783, 995, 970, 179],
[354, 307, 503, 886, 0, 304, 741, 98, 238, 855, 923, 567, 328, 175, 52, 807, 42, 535, 209, 731, 758, 936, 776, 870, 34, 304, 662, 564, 186, 389, 80, 906, 906, 710, 882, 241, 491, 500, 826, 296, 544, 952, 534, 102, 587, 68, 809, 789, 297, 504, 891, 715, 609, 843, 403, 324, 395, 230, 444, 232, 828, 333, 428, 40, 916, 523, 459, 244, 311, 533, 278, 687, 975, 102, 735, 389, 834, 85, 997, 157, 422, 903, 339, 81, 274, 12, 739, 351, 535, 980, 358, 191, 741, 841, 452, 160, 470, 832, 727, 974, 439, 809, 463, 420, 428, 852, 328, 547, 402, 708, 289, 435, 274, 597, 835, 321, 818, 331, 861, 713],
[443, 954, 977, 495, 304, 0, 651, 123, 698, 557, 60, 476, 454, 265, 554, 698, 578, 459, 79, 59, 573, 23, 14, 819, 90, 51, 687, 67, 287, 872, 724, 387, 154, 368, 981, 727, 944, 509, 622, 164, 149, 806, 669, 256, 324, 100, 522, 510, 773, 678, 468, 883, 855, 826, 964, 377, 907, 34, 783, 310, 275, 666, 952, 134, 546, 207, 603, 840, 685, 374, 150, 401, 819, 264, 743, 738, 103, 878, 418, 853, 215, 575, 731, 254, 428, 320, 626, 922, 392, 811, 688, 770, 54, 80, 300, 98, 210, 28, 184, 901, 907, 789, 629, 850, 614, 478, 650, 31, 826, 167, 653, 735, 932, 889, 467, 934, 848, 161, 167, 987],
[596, 433, 658, 721, 741, 651, 0, 240, 283, 754, 748, 617, 322, 649, 590, 469, 319, 251, 386, 469, 472, 631, 886, 53, 204, 838, 477, 124, 178, 941, 556, 474, 259, 52, 196, 385, 499, 827, 898, 676, 314, 359, 614, 932, 337, 554, 862, 487, 343, 571, 904, 581, 332, 818, 510, 841, 621, 549, 876, 601, 609, 983, 146, 764, 493, 878, 782, 71, 247, 267, 809, 343, 679, 481, 44, 659, 992, 336, 847, 307, 852, 734, 384, 242, 467, 491, 775, 594, 333, 82, 620, 480, 506, 184, 498, 786, 561, 924, 572, 241, 464, 290, 760, 967, 838, 450, 859, 847, 977, 14, 236, 568, 821, 1000, 537, 817, 540, 979, 464, 603],
[696, 853, 859, 25, 98, 123, 240, 0, 966, 938, 444, 810, 452, 227, 319, 77, 664, 909, 910, 381, 986, 974, 941, 731, 121, 783, 458, 540, 139, 477, 361, 635, 350, 563, 948, 554, 113, 143, 605, 568, 486, 528, 636, 494, 752, 481, 616, 290, 63, 703, 834, 577, 1000, 608, 913, 60, 185, 737, 174, 977, 88, 275, 758, 566, 956, 463, 154, 412, 893, 868, 911, 146, 604, 684, 345, 65, 474, 42, 398, 877, 191, 835, 758, 528, 515, 78, 118, 227, 974, 669, 299, 416, 80, 147, 710, 290, 673, 577, 169, 541, 168, 655, 448, 225, 809, 964, 750, 486, 905, 580, 77, 87, 177, 557, 282, 30, 890, 772, 361, 135],
[512, 569, 342, 397, 238, 698, 283, 966, 0, 512, 710, 855, 589, 383, 351, 56, 678, 126, 951, 257, 510, 855, 806, 318, 943, 177, 908, 820, 161, 938, 870, 224, 547, 808, 265, 953, 790, 199, 963, 641, 231, 426, 482, 714, 894, 261, 743, 483, 516, 868, 879, 209, 368, 687, 359, 108, 472, 993, 876, 31, 649, 996, 749, 178, 437, 22, 166, 806, 190, 788, 131, 115, 130, 866, 170, 291, 222, 329, 500, 133, 886, 78, 78, 427, 227, 201, 303, 138, 958, 649, 753, 40, 348, 86, 263, 502, 384, 124, 769, 932, 842, 640, 490, 517, 991, 137, 944, 365, 869, 990, 145, 942, 399, 438, 87, 87, 117, 108, 941, 79],
[837, 869, 746, 826, 855, 557, 754, 938, 512, 0, 889, 498, 785, 707, 933, 260, 415, 115, 746, 593, 431, 512, 380, 545, 136, 577, 971, 934, 254, 983, 779, 201, 850, 426, 229, 42, 385, 29, 452, 998, 654, 400, 252, 790, 803, 590, 853, 266, 637, 626, 663, 865, 945, 782, 15, 42, 814, 520, 597, 785, 620, 289, 82, 728, 51, 586, 84, 581, 345, 315, 367, 889, 672, 487, 382, 641, 774, 764, 298, 873, 54, 896, 813, 778, 706, 568, 587, 661, 787, 846, 349, 827, 809, 750, 548, 611, 922, 499, 34, 358, 442, 615, 830, 769, 900, 273, 806, 666, 775, 60, 896, 762, 617, 436, 285, 697, 447, 227, 619, 322],
[555, 266, 587, 509, 923, 60, 748, 444, 710, 889, 0, 924, 862, 329, 335, 435, 923, 396, 346, 97, 648, 690, 979, 632, 761, 651, 652, 836, 188, 89, 185, 720, 151, 11, 512, 278, 830, 243, 126, 964, 956, 745, 954, 575, 429, 989, 486, 504, 421, 713, 359, 252, 187, 167, 31, 880, 524, 142, 867, 13, 370, 813, 149, 867, 742, 812, 502, 317, 882, 218, 279, 835, 665, 873, 46, 615, 87, 776, 780, 512, 134, 209, 770, 736, 365, 741, 237, 970, 972, 362, 455, 980, 712, 871, 481, 958, 984, 234, 496, 336, 398, 29, 661, 576, 145, 631, 158, 947, 356, 173, 304, 558, 132, 672, 601, 87, 154, 906, 274, 83],
[705, 794, 568, 178, 567, 476, 617, 810, 855, 498, 924, 0, 375, 553, 713, 160, 317, 21, 200, 324, 698, 201, 807, 156, 295, 275, 560, 138, 307, 338, 984, 328, 37, 63, 738, 825, 524, 421, 354, 312, 267, 707, 936, 325, 866, 504, 141, 548, 27, 309, 331, 876, 986, 801, 226, 747, 560, 449, 364, 560, 884, 11, 191, 204, 910, 13, 532, 480, 133, 579, 879, 133, 309, 966, 236, 422, 442, 285, 679, 152, 563, 304, 951, 430, 472, 295, 900, 435, 435, 446, 301, 546, 165, 793, 148, 304, 359, 707, 811, 203, 478, 89, 581, 571, 709, 351, 279, 993, 527, 253, 580, 580, 531, 882, 361, 736, 277, 568, 975, 108],
[379, 858, 189, 992, 328, 454, 322, 452, 589, 785, 862, 375, 0, 457, 15, 534, 137, 234, 232, 644, 783, 819, 941, 216, 364, 679, 742, 915, 896, 938, 714, 887, 905, 577, 275, 562, 145, 258, 201, 538, 112, 533, 56, 338, 516, 939, 176, 58, 359, 314, 950, 987, 372, 286, 141, 882, 957, 787, 595, 18, 719, 415, 80, 576, 35, 788, 663, 751, 639, 434, 569, 280, 809, 387, 115, 435, 446, 643, 555, 250, 440, 251, 564, 209, 633, 346, 828, 852, 635, 14, 948, 503, 720, 825, 902, 922, 379, 180, 537, 795, 981, 265, 139, 119, 973, 325, 987, 324, 162, 802, 165, 440, 260, 575, 62, 616, 867, 787, 421, 889],
[54, 188, 975, 458, 175, 265, 649, 227, 383, 707, 329, 553, 457, 0, 128, 383, 721, 399, 260, 981, 567, 538, 833, 149, 895, 417, 689, 76, 763, 944, 214, 907, 253, 43, 162, 905, 178, 721, 957, 397, 410, 207, 340, 374, 266, 732, 742, 161, 426, 838, 145, 183, 214, 353, 158, 904, 289, 538, 193, 268, 960, 738, 68, 926, 421, 477, 397, 838, 71, 678, 326, 494, 498, 948, 944, 498, 917, 271, 685, 198, 359, 182, 568, 11, 105, 256, 521, 832, 766, 135, 686, 604, 963, 951, 685, 156, 259, 618, 222, 458, 903, 161, 889, 277, 652, 637, 563, 805, 863, 944, 857, 246, 520, 754, 122, 773, 973, 65, 861, 743],
[210, 932, 941, 439, 52, 554, 590, 319, 351, 933, 335, 713, 15, 128, 0, 147, 314, 967, 569, 994, 652, 617, 630, 733, 836, 954, 360, 885, 652, 485, 785, 689, 545, 668, 642, 323, 445, 905, 919, 657, 517, 545, 630, 152, 806, 752, 930, 579, 451, 716, 763, 770, 553, 305, 853, 280, 922, 501, 963, 659, 186, 502, 553, 750, 108, 430, 138, 215, 778, 565, 430, 235, 571, 436, 216, 993, 397, 510, 472, 666, 239, 303, 699, 917, 552, 425, 721, 908, 842, 339, 437, 537, 669, 201, 424, 474, 768, 733, 659, 134, 395, 471, 769, 226, 95, 690, 944, 865, 471, 400, 324, 726, 500, 749, 399, 321, 602, 983, 522, 880],
[194, 311, 917, 672, 807, 698, 469, 77, 56, 260, 435, 160, 534, 383, 147, 0, 308, 703, 745, 719, 333, 701, 459, 300, 227, 804, 340, 243, 854, 333, 946, 936, 836, 549, 187, 104, 844, 412, 749, 167, 637, 83, 244, 187, 212, 817, 515, 306, 95, 123, 503, 963, 963, 686, 545, 419, 742, 862, 70, 990, 25, 834, 385, 571, 379, 888, 455, 320, 995, 484, 441, 315, 834, 17, 370, 888, 883, 754, 50, 283, 912, 637, 451, 473, 816, 690, 313, 246, 248, 531, 621, 494, 76, 621, 863, 599, 93, 358, 265, 601, 128, 529, 61, 664, 740, 902, 581, 138, 397, 701, 556, 427, 450, 545, 604, 171, 819, 449, 272, 636],
[662, 416, 47, 887, 42, 578, 319, 664, 678, 415, 923, 317, 137, 721, 314, 308, 0, 391, 523, 104, 577, 114, 195, 76, 454, 213, 674, 900, 715, 157, 164, 690, 309, 419, 885, 399, 141, 465, 933, 660, 541, 527, 602, 967, 251, 599, 509, 525, 10, 580, 666, 541, 551, 164, 176, 26, 372, 385, 963, 290, 435, 750, 482, 124, 263, 958, 993, 837, 754, 275, 496, 396, 654, 36, 997, 615, 38, 464, 436, 562, 654, 494, 295, 824, 982, 179, 967, 982, 885, 467, 77, 118, 321, 572, 65, 136, 968, 589, 747, 413, 946, 609, 699, 412, 964, 379, 904, 306, 50, 771, 809, 207, 464, 167, 146, 985, 397, 343, 870, 611],
[161, 537, 403, 519, 535, 459, 251, 909, 126, 115, 396, 21, 234, 399, 967, 703, 391, 0, 263, 335, 320, 411, 866, 578, 221, 869, 652, 251, 538, 433, 513, 242, 707, 775, 1000, 538, 63, 542, 260, 832, 43, 486, 630, 176, 731, 682, 195, 806, 942, 710, 195, 123, 834, 713, 103, 402, 612, 822, 337, 125, 905, 859, 878, 906, 181, 41, 946, 722, 667, 479, 569, 156, 630, 665, 30, 946, 734, 248, 944, 377, 42, 599, 983, 766, 305, 358, 678, 831, 988, 183, 462, 859, 246, 179, 719, 55, 871, 291, 549, 740, 319, 102, 631, 412, 500, 91, 249, 974, 507, 504, 604, 83, 272, 747, 293, 422, 462, 558, 615, 994],
[483, 789, 358, 400, 209, 79, 386, 910, 951, 746, 346, 200, 232, 260, 569, 745, 523, 263, 0, 189, 503, 198, 733, 680, 218, 957, 625, 824, 229, 800, 678, 911, 874, 508, 806, 754, 386, 935, 24, 232, 710, 876, 174, 400, 149, 82, 898, 532, 442, 532, 768, 570, 748, 816, 925, 788, 86, 541, 849, 344, 539, 900, 969, 735, 631, 532, 94, 670, 222, 928, 106, 731, 878, 326, 23, 320, 227, 334, 344, 479, 304, 368, 540, 632, 25, 651, 633, 797, 576, 124, 90, 920, 918, 745, 892, 652, 711, 810, 745, 943, 781, 332, 443, 688, 473, 691, 824, 733, 115, 471, 495, 59, 923, 637, 67, 677, 515, 764, 955, 448],
[557, 64, 420, 972, 731, 59, 469, 381, 257, 593, 97, 324, 644, 981, 994, 719, 104, 335, 189, 0, 700, 951, 218, 828, 456, 797, 62, 371, 597, 1000, 548, 810, 105, 535, 577, 656, 911, 888, 30, 710, 956, 236, 532, 550, 184, 574, 761, 817, 922, 872, 136, 406, 104, 339, 19, 756, 175, 867, 461, 360, 97, 456, 582, 398, 33, 650, 71, 603, 286, 766, 825, 28, 165, 199, 782, 711, 639, 850, 185, 368, 904, 507, 905, 791, 10, 976, 821, 928, 852, 35, 864, 258, 923, 111, 724, 429, 308, 291, 929, 870, 968, 979, 983, 206, 628, 156, 751, 496, 142, 224, 934, 281, 292, 318, 844, 758, 195, 203, 96, 315],
[703, 300, 956, 542, 758, 573, 472, 986, 510, 431, 648, 698, 783, 567, 652, 333, 577, 320, 503, 700, 0, 606, 91, 988, 431, 973, 655, 975, 816, 24, 763, 207, 138, 860, 365, 507, 55, 26, 457, 691, 270, 146, 747, 580, 488, 500, 993, 444, 728, 886, 930, 865, 401, 542, 982, 530, 528, 148, 321, 867, 597, 751, 943, 897, 550, 969, 294, 419, 103, 321, 25, 696, 316, 971, 549, 60, 184, 461, 853, 356, 472, 714, 203, 812, 339, 921, 736, 342, 845, 993, 899, 702, 495, 61, 327, 371, 566, 165, 516, 707, 836, 277, 501, 346, 549, 773, 972, 738, 204, 900, 745, 661, 721, 975, 798, 713, 634, 938, 100, 348],
[807, 339, 695, 281, 936, 23, 631, 974, 855, 512, 690, 201, 819, 538, 617, 701, 114, 411, 198, 951, 606, 0, 910, 981, 656, 717, 648, 587, 48, 415, 965, 176, 242, 429, 506, 290, 186, 658, 332, 907, 959, 690, 596, 185, 257, 470, 676, 81, 409, 309, 833, 204, 204, 297, 194, 339, 492, 497, 617, 254, 327, 957, 17, 342, 47, 87, 271, 833, 136, 82, 142, 755, 883, 717, 33, 931, 648, 80, 543, 312, 377, 487, 332, 440, 938, 453, 456, 274, 814, 10, 664, 690, 21, 681, 426, 499, 407, 677, 860, 505, 152, 689, 484, 918, 804, 640, 513, 174, 19, 532, 218, 447, 272, 354, 318, 262, 74, 312, 274, 943],
[80, 525, 16, 330, 776, 14, 886, 941, 806, 380, 979, 807, 941, 833, 630, 459, 195, 866, 733, 218, 91, 910, 0, 534, 342, 126, 47, 536, 177, 111, 327, 786, 743, 451, 920, 421, 931, 989, 84, 839, 640, 875, 612, 620, 500, 856, 156, 526, 318, 477, 57, 895, 582, 210, 336, 546, 839, 38, 406, 252, 306, 376, 877, 715, 391, 712, 674, 23, 395, 991, 890, 527, 779, 332, 136, 988, 26, 293, 463, 299, 809, 394, 59, 532, 980, 245, 244, 955, 215, 889, 679, 655, 36, 43, 141, 338, 757, 79, 15, 282, 876, 448, 19, 620, 227, 807, 433, 719, 739, 11, 819, 392, 44, 640, 12, 983, 327, 164, 122, 456],
[82, 167, 974, 522, 870, 819, 53, 731, 318, 545, 632, 156, 216, 149, 733, 300, 76, 578, 680, 828, 988, 981, 534, 0, 954, 953, 727, 869, 136, 721, 986, 308, 79, 43, 941, 585, 443, 664, 229, 888, 567, 677, 336, 874, 728, 255, 593, 796, 915, 740, 153, 175, 760, 169, 150, 105, 750, 801, 76, 34, 64, 412, 370, 919, 885, 946, 282, 648, 902, 350, 223, 440, 465, 28, 305, 466, 655, 411, 949, 653, 672, 903, 758, 110, 468, 132, 656, 698, 841, 589, 187, 339, 986, 921, 890, 290, 847, 685, 451, 712, 888, 265, 600, 185, 828, 637, 718, 697, 858, 695, 725, 815, 162, 756, 753, 76, 765, 844, 737, 410],
[592, 271, 360, 813, 34, 90, 204, 121, 943, 136, 761, 295, 364, 895, 836, 227, 454, 221, 218, 456, 431, 656, 342, 954, 0, 954, 36, 391, 864, 527, 517, 828, 855, 591, 398, 57, 830, 270, 788, 229, 908, 278, 174, 789, 846, 186, 650, 630, 236, 41, 131, 370, 722, 665, 932, 329, 649, 835, 623, 298, 476, 431, 891, 537, 97, 398, 773, 369, 439, 549, 168, 565, 668, 425, 309, 683, 248, 546, 590, 51, 983, 46, 388, 186, 356, 196, 728, 64, 716, 322, 909, 270, 962, 603, 918, 228, 622, 764, 810, 314, 28, 38, 760, 269, 160, 604, 777, 512, 575, 118, 260, 100, 49, 498, 497, 373, 510, 315, 378, 91],
[443, 578, 925, 460, 304, 51, 838, 783, 177, 577, 651, 275, 679, 417, 954, 804, 213, 869, 957, 797, 973, 717, 126, 953, 954, 0, 80, 107, 196, 290, 980, 959, 824, 816, 945, 696, 949, 172, 974, 185, 173, 911, 828, 241, 165, 580, 70, 252, 660, 793, 493, 701, 927, 917, 13, 402, 513, 202, 793, 741, 56, 100, 713, 687, 210, 979, 23, 869, 441, 766, 713, 111, 631, 567, 520, 219, 651, 965, 416, 737, 768, 719, 687, 496, 836, 922, 306, 736, 745, 49, 278, 889, 256, 539, 325, 936, 519, 871, 745, 572, 652, 37, 319, 440, 844, 335, 603, 358, 271, 456, 848, 511, 662, 756, 494, 772, 319, 450, 606, 682],
[766, 351, 940, 614, 662, 687, 477, 458, 908, 971, 652, 560, 742, 689, 360, 340, 674, 652, 625, 62, 655, 648, 47, 727, 36, 80, 0, 583, 120, 399, 882, 49, 891, 274, 618, 944, 521, 110, 954, 275, 818, 17, 196, 726, 339, 487, 466, 622, 726, 114, 833, 437, 219, 282, 698, 782, 830, 437, 908, 275, 867, 34, 985, 194, 757, 853, 228, 996, 588, 692, 25, 793, 109, 451, 117, 256, 673, 860, 952, 364, 917, 695, 85, 336, 364, 132, 726, 703, 347, 534, 346, 827, 286, 610, 225, 696, 127, 693, 301, 22, 743, 969, 97, 543, 540, 947, 339, 172, 632, 94, 554, 294, 202, 557, 15, 373, 505, 538, 702, 963],
[807, 878, 991, 580, 564, 67, 124, 540, 820, 934, 836, 138, 915, 76, 885, 243, 900, 251, 824, 371, 975, 587, 536, 869, 391, 107, 583, 0, 736, 317, 268, 991, 624, 896, 243, 506, 923, 129, 94, 695, 284, 116, 443, 925, 805, 849, 191, 152, 220, 633, 217, 283, 766, 408, 171, 922, 879, 889, 56, 973, 930, 752, 552, 378, 382, 220, 17, 819, 145, 643, 230, 819, 44, 15, 895, 319, 446, 104, 348, 179, 804, 776, 19, 49, 816, 182, 809, 228, 449, 696, 696, 108, 240, 453, 81, 69, 526, 342, 231, 231, 853, 300, 457, 21, 96, 338, 840, 786, 284, 923, 740, 58, 780, 541, 434, 462, 474, 409, 889, 681],
[635, 445, 992, 456, 186, 287, 178, 139, 161, 254, 188, 307, 896, 763, 652, 854, 715, 538, 229, 597, 816, 48, 177, 136, 864, 196, 120, 736, 0, 519, 886, 449, 543, 115, 242, 178, 736, 767, 28, 406, 318, 621, 829, 302, 982, 793, 100, 443, 811, 415, 87, 92, 385, 378, 229, 220, 717, 657, 992, 244, 582, 820, 444, 204, 470, 374, 918, 600, 960, 614, 732, 360, 654, 775, 60, 245, 321, 22, 455, 631, 328, 950, 878, 915, 704, 361, 987, 46, 671, 135, 509, 971, 441, 332, 602, 644, 954, 740, 246, 972, 121, 179, 699, 93, 379, 765, 57, 242, 528, 688, 633, 760, 478, 511, 995, 426, 848, 237, 184, 673],
[374, 50, 326, 167, 389, 872, 941, 477, 938, 983, 89, 338, 938, 944, 485, 333, 157, 433, 800, 1000, 24, 415, 111, 721, 527, 290, 399, 317, 519, 0, 227, 913, 399, 746, 760, 634, 19, 801, 985, 428, 607, 528, 845, 622, 182, 165, 86, 195, 233, 87, 56, 537, 398, 928, 860, 256, 254, 497, 920, 933, 944, 479, 474, 647, 379, 830, 507, 894, 708, 878, 666, 536, 123, 625, 382, 467, 656, 734, 41, 821, 87, 306, 929, 109, 589, 835, 972, 568, 895, 544, 403, 777, 645, 833, 728, 653, 502, 180, 596, 282, 144, 506, 919, 484, 46, 932, 741, 898, 597, 920, 831, 595, 272, 390, 928, 233, 490, 589, 439, 952],
[685, 596, 690, 932, 80, 724, 556, 361, 870, 779, 185, 984, 714, 214, 785, 946, 164, 513, 678, 548, 763, 965, 327, 986, 517, 980, 882, 268, 886, 227, 0, 758, 835, 995, 933, 99, 78, 877, 588, 537, 914, 27, 915, 846, 631, 75, 518, 415, 101, 315, 151, 359, 685, 829, 902, 70, 144, 712, 365, 58, 247, 768, 643, 491, 557, 77, 56, 601, 434, 519, 458, 179, 740, 106, 906, 454, 334, 647, 361, 526, 420, 717, 997, 357, 100, 879, 744, 726, 329, 525, 782, 71, 972, 880, 971, 472, 828, 892, 153, 941, 243, 979, 72, 816, 796, 761, 593, 288, 986, 640, 518, 978, 742, 312, 46, 971, 271, 547, 606, 451],
[154, 116, 587, 373, 906, 387, 474, 635, 224, 201, 720, 328, 887, 907, 689, 936, 690, 242, 911, 810, 207, 176, 786, 308, 828, 959, 49, 991, 449, 913, 758, 0, 770, 363, 951, 346, 1000, 557, 709, 113, 327, 720, 848, 442, 318, 564, 118, 912, 252, 884, 408, 56, 293, 762, 654, 523, 991, 497, 151, 508, 689, 937, 308, 628, 288, 980, 528, 520, 222, 392, 727, 878, 817, 609, 319, 499, 376, 430, 267, 321, 782, 275, 246, 287, 970, 723, 346, 720, 774, 123, 934, 580, 249, 848, 43, 242, 23, 459, 893, 835, 407, 97, 796, 696, 823, 25, 734, 507, 102, 743, 798, 334, 761, 804, 553, 655, 253, 93, 1000, 149],
[476, 495, 33, 920, 906, 154, 259, 350, 547, 850, 151, 37, 905, 253, 545, 836, 309, 707, 874, 105, 138, 242, 743, 79, 855, 824, 891, 624, 543, 399, 835, 770, 0, 702, 23, 720, 104, 613, 405, 701, 929, 120, 91, 718, 241, 359, 45, 589, 953, 493, 473, 267, 229, 262, 27, 140, 254, 950, 693, 514, 702, 972, 784, 377, 474, 397, 744, 240, 285, 449, 421, 948, 627, 465, 395, 322, 453, 797, 764, 178, 295, 993, 239, 459, 19, 929, 791, 892, 992, 381, 819, 645, 919, 698, 166, 219, 169, 927, 72, 342, 973, 576, 958, 190, 449, 200, 283, 10, 583, 961, 181, 70, 751, 872, 794, 532, 544, 159, 903, 692],
[390, 34, 937, 842, 710, 368, 52, 563, 808, 426, 11, 63, 577, 43, 668, 549, 419, 775, 508, 535, 860, 429, 451, 43, 591, 816, 274, 896, 115, 746, 995, 363, 702, 0, 156, 730, 862, 113, 950, 195, 923, 646, 113, 731, 451, 826, 917, 234, 293, 230, 385, 474, 393, 17, 888, 610, 597, 28, 483, 754, 688, 506, 717, 864, 851, 496, 797, 908, 870, 328, 622, 81, 114, 88, 50, 825, 511, 301, 549, 637, 452, 579, 770, 158, 952, 192, 579, 138, 772, 876, 969, 418, 330, 655, 169, 509, 894, 294, 455, 358, 655, 841, 977, 193, 678, 272, 991, 147, 337, 800, 44, 722, 582, 728, 374, 75, 94, 485, 979, 418],
[256, 879, 172, 55, 882, 981, 196, 948, 265, 229, 512, 738, 275, 162, 642, 187, 885, 1000, 806, 577, 365, 506, 920, 941, 398, 945, 618, 243, 242, 760, 933, 951, 23, 156, 0, 49, 298, 650, 660, 119, 763, 497, 669, 863, 180, 168, 999, 152, 464, 251, 47, 102, 592, 159, 140, 778, 145, 936, 228, 563, 637, 291, 727, 667, 263, 854, 668, 886, 953, 521, 701, 167, 836, 338, 430, 107, 136, 445, 875, 824, 907, 355, 678, 494, 476, 926, 915, 455, 169, 690, 666, 501, 151, 344, 984, 114, 560, 995, 137, 109, 124, 560, 69, 923, 434, 345, 637, 635, 950, 250, 491, 435, 78, 45, 768, 627, 56, 481, 758, 842],
[80, 193, 898, 311, 241, 727, 385, 554, 953, 42, 278, 825, 562, 905, 323, 104, 399, 538, 754, 656, 507, 290, 421, 585, 57, 696, 944, 506, 178, 634, 99, 346, 720, 730, 49, 0, 717, 345, 868, 38, 912, 20, 238, 849, 289, 491, 201, 654, 648, 990, 609, 457, 983, 129, 895, 777, 530, 989, 811, 181, 237, 172, 472, 133, 64, 726, 872, 676, 216, 214, 197, 120, 152, 606, 979, 814, 846, 255, 73, 116, 959, 764, 690, 70, 659, 806, 118, 197, 168, 270, 486, 570, 850, 959, 70, 283, 27, 110, 802, 686, 97, 544, 365, 806, 473, 560, 224, 212, 972, 296, 380, 428, 278, 588, 294, 81, 25, 874, 624, 210],
[177, 202, 130, 680, 491, 944, 499, 113, 790, 385, 830, 524, 145, 178, 445, 844, 141, 63, 386, 911, 55, 186, 931, 443, 830, 949, 521, 923, 736, 19, 78, 1000, 104, 862, 298, 717, 0, 984, 573, 406, 244, 471, 209, 664, 251, 949, 582, 798, 678, 289, 540, 580, 403, 308, 642, 620, 631, 29, 346, 673, 254, 335, 206, 792, 260, 782, 162, 866, 359, 701, 585, 772, 219, 464, 106, 456, 900, 382, 361, 412, 157, 406, 297, 567, 815, 449, 669, 901, 488, 36, 160, 674, 998, 221, 679, 889, 932, 215, 522, 625, 241, 640, 535, 993, 170, 898, 890, 580, 290, 793, 724, 660, 416, 276, 214, 48, 424, 868, 990, 782],
[541, 894, 18, 320, 500, 509, 827, 143, 199, 29, 243, 421, 258, 721, 905, 412, 465, 542, 935, 888, 26, 658, 989, 664, 270, 172, 110, 129, 767, 801, 877, 557, 613, 113, 650, 345, 984, 0, 524, 832, 682, 47, 821, 639, 857, 502, 514, 416, 679, 705, 344, 383, 986, 954, 120, 814, 922, 194, 72, 768, 926, 283, 938, 995, 502, 125, 235, 547, 953, 853, 636, 745, 635, 54, 459, 578, 301, 94, 881, 985, 364, 415, 96, 212, 677, 822, 672, 939, 572, 427, 561, 714, 64, 219, 217, 761, 124, 130, 955, 918, 562, 67, 519, 778, 63, 961, 351, 347, 386, 924, 983, 649, 632, 448, 963, 390, 866, 278, 545, 591],
[950, 473, 166, 732, 826, 622, 898, 605, 963, 452, 126, 354, 201, 957, 919, 749, 933, 260, 24, 30, 457, 332, 84, 229, 788, 974, 954, 94, 28, 985, 588, 709, 405, 950, 660, 868, 573, 524, 0, 207, 502, 285, 975, 214, 806, 327, 969, 351, 828, 313, 646, 36, 498, 773, 814, 602, 922, 515, 675, 847, 129, 129, 345, 522, 164, 328, 560, 570, 218, 668, 883, 430, 628, 765, 602, 747, 90, 649, 507, 778, 668, 755, 905, 780, 407, 976, 456, 256, 716, 587, 544, 803, 395, 289, 484, 967, 90, 887, 760, 579, 950, 626, 59, 319, 274, 370, 635, 750, 751, 365, 858, 210, 29, 805, 783, 366, 264, 816, 573, 175],
[982, 221, 504, 283, 296, 164, 676, 568, 641, 998, 964, 312, 538, 397, 657, 167, 660, 832, 232, 710, 691, 907, 839, 888, 229, 185, 275, 695, 406, 428, 537, 113, 701, 195, 119, 38, 406, 832, 207, 0, 183, 281, 936, 179, 743, 902, 159, 124, 617, 980, 113, 575, 662, 562, 75, 924, 463, 273, 18, 146, 734, 379, 502, 806, 50, 181, 807, 702, 407, 14, 225, 452, 983, 877, 672, 817, 979, 172, 462, 335, 27, 97, 495, 348, 388, 633, 59, 274, 775, 486, 944, 251, 787, 588, 213, 279, 751, 342, 398, 254, 558, 654, 454, 465, 943, 637, 182, 571, 130, 119, 403, 959, 446, 157, 841, 665, 925, 866, 426, 259],
[275, 691, 870, 442, 544, 149, 314, 486, 231, 654, 956, 267, 112, 410, 517, 637, 541, 43, 710, 956, 270, 959, 640, 567, 908, 173, 818, 284, 318, 607, 914, 327, 929, 923, 763, 912, 244, 682, 502, 183, 0, 733, 1000, 739, 618, 287, 557, 371, 47, 775, 215, 675, 741, 109, 504, 552, 315, 938, 589, 32, 104, 165, 154, 457, 289, 953, 210, 61, 750, 912, 652, 35, 754, 171, 968, 314, 457, 163, 827, 359, 868, 212, 996, 540, 101, 599, 13, 949, 904, 189, 481, 547, 860, 894, 998, 297, 805, 157, 878, 890, 925, 280, 777, 978, 647, 700, 822, 246, 906, 438, 861, 74, 964, 827, 898, 121, 58, 642, 143, 609],
[251, 363, 422, 484, 952, 806, 359, 528, 426, 400, 745, 707, 533, 207, 545, 83, 527, 486, 876, 236, 146, 690, 875, 677, 278, 911, 17, 116, 621, 528, 27, 720, 120, 646, 497, 20, 471, 47, 285, 281, 733, 0, 937, 815, 977, 982, 337, 459, 454, 23, 415, 477, 835, 851, 255, 590, 397, 968, 540, 733, 610, 947, 223, 104, 420, 441, 448, 712, 271, 542, 405, 913, 637, 128, 209, 872, 767, 449, 933, 598, 664, 554, 458, 980, 513, 952, 906, 870, 396, 926, 366, 225, 824, 890, 946, 862, 409, 532, 356, 314, 706, 905, 518, 789, 720, 680, 871, 676, 669, 362, 139, 678, 176, 184, 422, 166, 628, 492, 343, 136],
[988, 155, 745, 213, 534, 669, 614, 636, 482, 252, 954, 936, 56, 340, 630, 244, 602, 630, 174, 532, 747, 596, 612, 336, 174, 828, 196, 443, 829, 845, 915, 848, 91, 113, 669, 238, 209, 821, 975, 936, 1000, 937, 0, 926, 402, 958, 957, 117, 808, 248, 943, 783, 268, 859, 344, 71, 104, 402, 454, 632, 402, 921, 157, 932, 166, 800, 420, 55, 815, 76, 833, 707, 250, 913, 163, 67, 248, 807, 847, 40, 387, 256, 613, 340, 743, 38, 339, 140, 175, 986, 158, 954, 394, 762, 575, 162, 688, 571, 475, 943, 281, 116, 50, 490, 874, 762, 205, 488, 89, 68, 224, 520, 101, 174, 185, 625, 434, 933, 430, 145],
[951, 84, 929, 928, 102, 256, 932, 494, 714, 790, 575, 325, 338, 374, 152, 187, 967, 176, 400, 550, 580, 185, 620, 874, 789, 241, 726, 925, 302, 622, 846, 442, 718, 731, 863, 849, 664, 639, 214, 179, 739, 815, 926, 0, 468, 782, 320, 305, 153, 889, 125, 988, 291, 425, 429, 255, 310, 372, 358, 765, 565, 600, 704, 348, 64, 292, 337, 767, 430, 622, 245, 203, 755, 463, 869, 925, 245, 981, 646, 178, 436, 173, 940, 517, 333, 641, 999, 759, 170, 477, 353, 204, 661, 581, 870, 884, 464, 822, 715, 205, 897, 293, 612, 666, 488, 551, 612, 462, 437, 491, 228, 934, 587, 125, 629, 378, 428, 175, 295, 493],
[72, 52, 106, 80, 587, 324, 337, 752, 894, 803, 429, 866, 516, 266, 806, 212, 251, 731, 149, 184, 488, 257, 500, 728, 846, 165, 339, 805, 982, 182, 631, 318, 241, 451, 180, 289, 251, 857, 806, 743, 618, 977, 402, 468, 0, 738, 16, 344, 794, 193, 105, 369, 725, 61, 695, 122, 227, 347, 60, 648, 188, 231, 182, 27, 147, 317, 302, 182, 631, 380, 143, 886, 355, 830, 844, 797, 306, 814, 649, 482, 717, 831, 673, 849, 372, 753, 372, 917, 168, 443, 807, 225, 867, 633, 689, 903, 586, 927, 834, 372, 319, 616, 330, 236, 456, 494, 893, 249, 239, 14, 121, 410, 566, 168, 238, 312, 611, 678, 762, 561],
[806, 303, 305, 174, 68, 100, 554, 481, 261, 590, 989, 504, 939, 732, 752, 817, 599, 682, 82, 574, 500, 470, 856, 255, 186, 580, 487, 849, 793, 165, 75, 564, 359, 826, 168, 491, 949, 502, 327, 902, 287, 982, 958, 782, 738, 0, 114, 767, 970, 427, 502, 765, 231, 401, 538, 223, 117, 317, 448, 527, 228, 175, 605, 930, 148, 496, 54, 370, 156, 992, 967, 329, 926, 325, 72, 715, 946, 257, 557, 287, 689, 94, 818, 109, 23, 532, 989, 676, 250, 298, 950, 335, 525, 665, 655, 607, 475, 891, 384, 861, 634, 268, 172, 387, 678, 86, 992, 293, 416, 581, 194, 572, 787, 657, 126, 595, 904, 326, 996, 979],
[287, 859, 541, 704, 809, 522, 862, 616, 743, 853, 486, 141, 176, 742, 930, 515, 509, 195, 898, 761, 993, 676, 156, 593, 650, 70, 466, 191, 100, 86, 518, 118, 45, 917, 999, 201, 582, 514, 969, 159, 557, 337, 957, 320, 16, 114, 0, 39, 487, 757, 718, 609, 863, 428, 882, 439, 631, 189, 70, 526, 775, 687, 471, 376, 434, 61, 223, 13, 561, 914, 19, 286, 761, 961, 720, 959, 634, 78, 574, 876, 602, 171, 436, 540, 412, 812, 117, 248, 306, 413, 221, 676, 402, 558, 965, 806, 303, 269, 764, 821, 895, 989, 481, 915, 703, 853, 341, 978, 149, 23, 391, 15, 514, 18, 249, 727, 20, 573, 307, 78],
[994, 281, 17, 328, 789, 510, 487, 290, 483, 266, 504, 548, 58, 161, 579, 306, 525, 806, 532, 817, 444, 81, 526, 796, 630, 252, 622, 152, 443, 195, 415, 912, 589, 234, 152, 654, 798, 416, 351, 124, 371, 459, 117, 305, 344, 767, 39, 0, 390, 289, 195, 100, 618, 494, 561, 627, 609, 110, 40, 140, 862, 910, 586, 621, 588, 270, 860, 941, 526, 565, 791, 882, 209, 843, 679, 416, 151, 538, 578, 357, 37, 928, 717, 347, 354, 623, 670, 860, 911, 205, 319, 316, 279, 435, 768, 698, 644, 132, 799, 821, 823, 534, 843, 776, 614, 848, 152, 702, 82, 814, 500, 205, 525, 457, 935, 665, 438, 967, 385, 137],
[698, 787, 292, 693, 297, 773, 343, 63, 516, 637, 421, 27, 359, 426, 451, 95, 10, 942, 442, 922, 728, 409, 318, 915, 236, 660, 726, 220, 811, 233, 101, 252, 953, 293, 464, 648, 678, 679, 828, 617, 47, 454, 808, 153, 794, 970, 487, 390, 0, 57, 406, 143, 396, 177, 601, 74, 533, 906, 952, 410, 98, 120, 385, 670, 328, 119, 88, 177, 820, 782, 803, 227, 131, 532, 696, 874, 319, 838, 828, 652, 275, 65, 314, 285, 297, 119, 41, 136, 216, 277, 74, 529, 905, 689, 875, 228, 831, 661, 845, 503, 19, 144, 232, 859, 202, 891, 342, 398, 837, 771, 268, 88, 223, 384, 661, 510, 315, 467, 989, 483],
[340, 971, 984, 777, 504, 678, 571, 703, 868, 626, 713, 309, 314, 838, 716, 123, 580, 710, 532, 872, 886, 309, 477, 740, 41, 793, 114, 633, 415, 87, 315, 884, 493, 230, 251, 990, 289, 705, 313, 980, 775, 23, 248, 889, 193, 427, 757, 289, 57, 0, 765, 372, 15, 633, 255, 681, 814, 410, 368, 418, 670, 983, 46, 465, 700, 427, 796, 235, 463, 706, 216, 919, 413, 940, 400, 357, 964, 752, 756, 26, 540, 309, 446, 859, 998, 612, 191, 734, 57, 913, 588, 991, 335, 159, 758, 178, 774, 232, 732, 562, 149, 552, 689, 154, 280, 780, 532, 784, 985, 87, 461, 366, 450, 911, 998, 771, 646, 945, 986, 915],
[567, 24, 32, 538, 891, 468, 904, 834, 879, 663, 359, 331, 950, 145, 763, 503, 666, 195, 768, 136, 930, 833, 57, 153, 131, 493, 833, 217, 87, 56, 151, 408, 473, 385, 47, 609, 540, 344, 646, 113, 215, 415, 943, 125, 105, 502, 718, 195, 406, 765, 0, 86, 197, 712, 447, 109, 150, 122, 768, 287, 718, 469, 740, 431, 19, 636, 303, 74, 974, 206, 509, 217, 112, 16, 905, 244, 927, 918, 197, 974, 654, 581, 250, 292, 917, 269, 735, 127, 388, 246, 509, 226, 12, 388, 540, 88, 916, 629, 265, 430, 427, 853, 940, 974, 503, 382, 38, 704, 723, 254, 664, 439, 181, 79, 82, 661, 661, 965, 398, 927],
[765, 375, 249, 420, 715, 883, 581, 577, 209, 865, 252, 876, 987, 183, 770, 963, 541, 123, 570, 406, 865, 204, 895, 175, 370, 701, 437, 283, 92, 537, 359, 56, 267, 474, 102, 457, 580, 383, 36, 575, 675, 477, 783, 988, 369, 765, 609, 100, 143, 372, 86, 0, 616, 998, 677, 59, 388, 717, 107, 521, 455, 762, 143, 54, 589, 791, 128, 964, 208, 130, 475, 549, 104, 501, 632, 621, 340, 75, 370, 236, 85, 882, 779, 334, 537, 529, 576, 158, 752, 845, 477, 241, 128, 312, 18, 310, 46, 237, 60, 224, 36, 267, 17, 859, 475, 988, 802, 687, 976, 957, 11, 208, 364, 457, 34, 701, 978, 556, 564, 832],
[188, 343, 549, 417, 609, 855, 332, 1000, 368, 945, 187, 986, 372, 214, 553, 963, 551, 834, 748, 104, 401, 204, 582, 760, 722, 927, 219, 766, 385, 398, 685, 293, 229, 393, 592, 983, 403, 986, 498, 662, 741, 835, 268, 291, 725, 231, 863, 618, 396, 15, 197, 616, 0, 490, 59, 971, 829, 503, 241, 563, 753, 617, 163, 10, 334, 538, 492, 890, 917, 637, 42, 433, 284, 328, 692, 230, 931, 129, 380, 637, 574, 10, 297, 994, 122, 48, 504, 666, 874, 660, 683, 211, 111, 706, 493, 569, 476, 269, 130, 583, 172, 123, 911, 220, 966, 368, 217, 682, 553, 342, 474, 494, 285, 364, 619, 888, 525, 246, 193, 281],
[428, 54, 115, 77, 843, 826, 818, 608, 687, 782, 167, 801, 286, 353, 305, 686, 164, 713, 816, 339, 542, 297, 210, 169, 665, 917, 282, 408, 378, 928, 829, 762, 262, 17, 159, 129, 308, 954, 773, 562, 109, 851, 859, 425, 61, 401, 428, 494, 177, 633, 712, 998, 490, 0, 301, 544, 418, 302, 720, 171, 514, 832, 536, 483, 832, 718, 955, 535, 979, 988, 831, 53, 738, 92, 146, 444, 649, 423, 792, 39, 118, 805, 898, 119, 962, 125, 488, 795, 403, 521, 389, 882, 374, 136, 653, 206, 984, 343, 79, 535, 23, 750, 84, 865, 846, 629, 996, 189, 931, 145, 692, 518, 461, 860, 778, 15, 619, 737, 368, 934],
[283, 946, 768, 355, 403, 964, 510, 913, 359, 15, 31, 226, 141, 158, 853, 545, 176, 103, 925, 19, 982, 194, 336, 150, 932, 13, 698, 171, 229, 860, 902, 654, 27, 888, 140, 895, 642, 120, 814, 75, 504, 255, 344, 429, 695, 538, 882, 561, 601, 255, 447, 677, 59, 301, 0, 344, 722, 893, 790, 654, 381, 128, 377, 284, 647, 619, 788, 560, 77, 911, 353, 306, 768, 251, 307, 843, 292, 944, 100, 145, 553, 506, 861, 358, 406, 641, 549, 582, 719, 989, 611, 624, 523, 365, 598, 131, 12, 635, 183, 357, 88, 985, 349, 989, 911, 296, 471, 316, 829, 532, 967, 561, 892, 694, 381, 87, 988, 881, 447, 849],
[117, 138, 370, 777, 324, 377, 841, 60, 108, 42, 880, 747, 882, 904, 280, 419, 26, 402, 788, 756, 530, 339, 546, 105, 329, 402, 782, 922, 220, 256, 70, 523, 140, 610, 778, 777, 620, 814, 602, 924, 552, 590, 71, 255, 122, 223, 439, 627, 74, 681, 109, 59, 971, 544, 344, 0, 892, 746, 162, 770, 111, 785, 474, 630, 930, 312, 485, 237, 514, 843, 640, 119, 647, 156, 865, 787, 611, 411, 657, 234, 963, 764, 511, 60, 746, 878, 373, 840, 599, 838, 842, 863, 317, 257, 647, 903, 740, 991, 113, 49, 808, 53, 890, 485, 592, 520, 235, 309, 401, 320, 795, 876, 632, 516, 479, 515, 356, 22, 748, 992],
[991, 838, 867, 514, 395, 907, 621, 185, 472, 814, 524, 560, 957, 289, 922, 742, 372, 612, 86, 175, 528, 492, 839, 750, 649, 513, 830, 879, 717, 254, 144, 991, 254, 597, 145, 530, 631, 922, 922, 463, 315, 397, 104, 310, 227, 117, 631, 609, 533, 814, 150, 388, 829, 418, 722, 892, 0, 803, 826, 945, 731, 101, 476, 515, 287, 969, 657, 694, 339, 741, 913, 437, 815, 317, 584, 662, 915, 376, 629, 862, 666, 633, 463, 777, 334, 922, 205, 238, 914, 418, 851, 775, 428, 664, 288, 62, 120, 880, 957, 463, 978, 82, 23, 60, 409, 911, 701, 865, 418, 829, 700, 958, 664, 953, 836, 163, 598, 637, 79, 158],
[851, 931, 483, 142, 230, 34, 549, 737, 993, 520, 142, 449, 787, 538, 501, 862, 385, 822, 541, 867, 148, 497, 38, 801, 835, 202, 437, 889, 657, 497, 712, 497, 950, 28, 936, 989, 29, 194, 515, 273, 938, 968, 402, 372, 347, 317, 189, 110, 906, 410, 122, 717, 503, 302, 893, 746, 803, 0, 388, 659, 545, 928, 153, 67, 871, 833, 83, 60, 576, 505, 395, 560, 447, 301, 15, 322, 212, 906, 825, 773, 336, 222, 451, 72, 609, 140, 661, 146, 710, 461, 125, 255, 53, 942, 707, 383, 896, 140, 426, 32, 414, 476, 226, 800, 117, 296, 386, 629, 294, 905, 714, 367, 298, 265, 999, 334, 316, 624, 260, 227],
[849, 762, 655, 839, 444, 783, 876, 174, 876, 597, 867, 364, 595, 193, 963, 70, 963, 337, 849, 461, 321, 617, 406, 76, 623, 793, 908, 56, 992, 920, 365, 151, 693, 483, 228, 811, 346, 72, 675, 18, 589, 540, 454, 358, 60, 448, 70, 40, 952, 368, 768, 107, 241, 720, 790, 162, 826, 388, 0, 772, 631, 313, 813, 747, 993, 710, 348, 151, 602, 831, 478, 316, 373, 97, 892, 661, 384, 686, 514, 68, 245, 704, 423, 913, 237, 896, 664, 866, 402, 950, 246, 958, 949, 560, 682, 882, 745, 757, 481, 282, 360, 767, 831, 21, 512, 77, 591, 267, 491, 200, 791, 305, 471, 316, 132, 101, 276, 31, 742, 119],
[783, 836, 225, 67, 232, 310, 601, 977, 31, 785, 13, 560, 18, 268, 659, 990, 290, 125, 344, 360, 867, 254, 252, 34, 298, 741, 275, 973, 244, 933, 58, 508, 514, 754, 563, 181, 673, 768, 847, 146, 32, 733, 632, 765, 648, 527, 526, 140, 410, 418, 287, 521, 563, 171, 654, 770, 945, 659, 772, 0, 370, 411, 265, 677, 441, 376, 890, 355, 297, 822, 149, 135, 694, 703, 390, 648, 807, 964, 664, 955, 985, 728, 552, 650, 306, 428, 130, 947, 197, 290, 48, 337, 131, 944, 975, 893, 910, 715, 598, 724, 923, 275, 219, 857, 531, 493, 800, 985, 250, 103, 235, 319, 36, 159, 290, 582, 324, 134, 770, 419],
[76, 400, 856, 515, 828, 275, 609, 88, 649, 620, 370, 884, 719, 960, 186, 25, 435, 905, 539, 97, 597, 327, 306, 64, 476, 56, 867, 930, 582, 944, 247, 689, 702, 688, 637, 237, 254, 926, 129, 734, 104, 610, 402, 565, 188, 228, 775, 862, 98, 670, 718, 455, 753, 514, 381, 111, 731, 545, 631, 370, 0, 514, 948, 309, 351, 964, 809, 418, 138, 661, 874, 613, 503, 231, 522, 539, 245, 189, 167, 921, 269, 334, 496, 372, 405, 462, 192, 301, 766, 283, 348, 898, 156, 779, 994, 607, 594, 108, 192, 593, 482, 327, 371, 387, 996, 529, 771, 913, 684, 708, 589, 718, 271, 194, 653, 653, 503, 426, 607, 18],
[607, 959, 800, 185, 333, 666, 983, 275, 996, 289, 813, 11, 415, 738, 502, 834, 750, 859, 900, 456, 751, 957, 376, 412, 431, 100, 34, 752, 820, 479, 768, 937, 972, 506, 291, 172, 335, 283, 129, 379, 165, 947, 921, 600, 231, 175, 687, 910, 120, 983, 469, 762, 617, 832, 128, 785, 101, 928, 313, 411, 514, 0, 322, 912, 476, 853, 466, 985, 702, 724, 802, 487, 869, 64, 433, 791, 223, 686, 676, 162, 75, 710, 159, 994, 128, 85, 141, 168, 741, 133, 941, 861, 881, 599, 456, 150, 818, 705, 948, 783, 895, 298, 464, 707, 469, 694, 10, 556, 720, 651, 698, 931, 455, 397, 701, 386, 127, 833, 512, 58],
[27, 811, 227, 287, 428, 952, 146, 758, 749, 82, 149, 191, 80, 68, 553, 385, 482, 878, 969, 582, 943, 17, 877, 370, 891, 713, 985, 552, 444, 474, 643, 308, 784, 717, 727, 472, 206, 938, 345, 502, 154, 223, 157, 704, 182, 605, 471, 586, 385, 46, 740, 143, 163, 536, 377, 474, 476, 153, 813, 265, 948, 322, 0, 235, 741, 998, 690, 247, 135, 203, 244, 134, 380, 795, 372, 214, 433, 975, 913, 482, 654, 101, 229, 545, 376, 878, 407, 126, 455, 74, 391, 672, 967, 269, 369, 733, 774, 333, 406, 912, 941, 381, 491, 938, 708, 802, 38, 523, 186, 840, 805, 423, 258, 947, 643, 874, 417, 438, 595, 591],
[498, 514, 310, 504, 40, 134, 764, 566, 178, 728, 867, 204, 576, 926, 750, 571, 124, 906, 735, 398, 897, 342, 715, 919, 537, 687, 194, 378, 204, 647, 491, 628, 377, 864, 667, 133, 792, 995, 522, 806, 457, 104, 932, 348, 27, 930, 376, 621, 670, 465, 431, 54, 10, 483, 284, 630, 515, 67, 747, 677, 309, 912, 235, 0, 174, 775, 982, 959, 898, 352, 618, 589, 499, 720, 345, 683, 906, 383, 117, 871, 598, 271, 861, 359, 370, 996, 293, 394, 298, 83, 849, 985, 77, 647, 101, 906, 843, 465, 233, 376, 970, 790, 722, 734, 331, 474, 637, 511, 632, 947, 660, 936, 650, 383, 566, 860, 661, 35, 643, 429],
[340, 170, 395, 667, 916, 546, 493, 956, 437, 51, 742, 910, 35, 421, 108, 379, 263, 181, 631, 33, 550, 47, 391, 885, 97, 210, 757, 382, 470, 379, 557, 288, 474, 851, 263, 64, 260, 502, 164, 50, 289, 420, 166, 64, 147, 148, 434, 588, 328, 700, 19, 589, 334, 832, 647, 930, 287, 871, 993, 441, 351, 476, 741, 174, 0, 472, 394, 631, 254, 579, 498, 735, 623, 583, 886, 984, 359, 684, 338, 453, 792, 801, 925, 869, 955, 518, 689, 268, 577, 543, 40, 90, 85, 142, 78, 242, 59, 293, 624, 511, 630, 817, 162, 670, 853, 854, 351, 315, 885, 363, 934, 272, 119, 785, 197, 455, 30, 357, 804, 267],
[346, 68, 60, 354, 523, 207, 878, 463, 22, 586, 812, 13, 788, 477, 430, 888, 958, 41, 532, 650, 969, 87, 712, 946, 398, 979, 853, 220, 374, 830, 77, 980, 397, 496, 854, 726, 782, 125, 328, 181, 953, 441, 800, 292, 317, 496, 61, 270, 119, 427, 636, 791, 538, 718, 619, 312, 969, 833, 710, 376, 964, 853, 998, 775, 472, 0, 808, 851, 138, 568, 248, 915, 780, 182, 767, 96, 931, 372, 569, 123, 130, 780, 509, 717, 330, 923, 876, 958, 666, 437, 670, 625, 245, 734, 195, 273, 35, 722, 823, 492, 492, 227, 151, 203, 503, 730, 569, 34, 770, 309, 989, 624, 53, 227, 329, 794, 889, 433, 475, 574],
[291, 24, 709, 884, 459, 603, 782, 154, 166, 84, 502, 532, 663, 397, 138, 455, 993, 946, 94, 71, 294, 271, 674, 282, 773, 23, 228, 17, 918, 507, 56, 528, 744, 797, 668, 872, 162, 235, 560, 807, 210, 448, 420, 337, 302, 54, 223, 860, 88, 796, 303, 128, 492, 955, 788, 485, 657, 83, 348, 890, 809, 466, 690, 982, 394, 808, 0, 698, 933, 309, 72, 207, 656, 466, 274, 82, 138, 87, 466, 626, 800, 198, 656, 497, 646, 855, 935, 764, 551, 38, 89, 391, 164, 302, 398, 555, 96, 446, 238, 36, 64, 345, 883, 708, 426, 836, 517, 795, 903, 415, 241, 565, 223, 228, 703, 449, 373, 992, 874, 828],
[536, 447, 836, 99, 244, 840, 71, 412, 806, 581, 317, 480, 751, 838, 215, 320, 837, 722, 670, 603, 419, 833, 23, 648, 369, 869, 996, 819, 600, 894, 601, 520, 240, 908, 886, 676, 866, 547, 570, 702, 61, 712, 55, 767, 182, 370, 13, 941, 177, 235, 74, 964, 890, 535, 560, 237, 694, 60, 151, 355, 418, 985, 247, 959, 631, 851, 698, 0, 788, 83, 520, 802, 385, 976, 101, 938, 134, 392, 761, 687, 51, 321, 471, 472, 863, 103, 649, 896, 856, 576, 994, 536, 561, 449, 892, 678, 240, 388, 969, 859, 767, 839, 299, 512, 418, 877, 112, 218, 298, 936, 391, 552, 762, 429, 175, 657, 372, 475, 188, 793],
[115, 690, 271, 972, 311, 685, 247, 893, 190, 345, 882, 133, 639, 71, 778, 995, 754, 667, 222, 286, 103, 136, 395, 902, 439, 441, 588, 145, 960, 708, 434, 222, 285, 870, 953, 216, 359, 953, 218, 407, 750, 271, 815, 430, 631, 156, 561, 526, 820, 463, 974, 208, 917, 979, 77, 514, 339, 576, 602, 297, 138, 702, 135, 898, 254, 138, 933, 788, 0, 703, 291, 602, 137, 595, 632, 323, 331, 135, 374, 979, 68, 975, 334, 626, 725, 766, 701, 80, 202, 152, 21, 990, 267, 522, 677, 882, 788, 698, 293, 215, 358, 914, 643, 261, 68, 475, 298, 963, 696, 274, 852, 148, 28, 889, 152, 408, 325, 777, 905, 925],
[675, 66, 563, 186, 533, 374, 267, 868, 788, 315, 218, 579, 434, 678, 565, 484, 275, 479, 928, 766, 321, 82, 991, 350, 549, 766, 692, 643, 614, 878, 519, 392, 449, 328, 521, 214, 701, 853, 668, 14, 912, 542, 76, 622, 380, 992, 914, 565, 782, 706, 206, 130, 637, 988, 911, 843, 741, 505, 831, 822, 661, 724, 203, 352, 579, 568, 309, 83, 703, 0, 938, 618, 893, 745, 295, 918, 970, 703, 84, 149, 519, 331, 219, 321, 823, 780, 789, 893, 472, 41, 687, 886, 730, 990, 340, 138, 515, 681, 909, 406, 992, 806, 669, 717, 856, 167, 483, 482, 638, 534, 422, 774, 127, 284, 449, 631, 378, 303, 397, 28],
[597, 725, 385, 389, 278, 150, 809, 911, 131, 367, 279, 879, 569, 326, 430, 441, 496, 569, 106, 825, 25, 142, 890, 223, 168, 713, 25, 230, 732, 666, 458, 727, 421, 622, 701, 197, 585, 636, 883, 225, 652, 405, 833, 245, 143, 967, 19, 791, 803, 216, 509, 475, 42, 831, 353, 640, 913, 395, 478, 149, 874, 802, 244, 618, 498, 248, 72, 520, 291, 938, 0, 825, 947, 424, 956, 206, 474, 23, 293, 758, 518, 422, 258, 573, 616, 749, 672, 198, 90, 886, 515, 355, 582, 345, 448, 969, 162, 386, 619, 537, 776, 831, 676, 47, 713, 974, 684, 689, 162, 741, 916, 484, 562, 738, 563, 782, 635, 40, 291, 472],
[717, 806, 125, 14, 687, 401, 343, 146, 115, 889, 835, 133, 280, 494, 235, 315, 396, 156, 731, 28, 696, 755, 527, 440, 565, 111, 793, 819, 360, 536, 179, 878, 948, 81, 167, 120, 772, 745, 430, 452, 35, 913, 707, 203, 886, 329, 286, 882, 227, 919, 217, 549, 433, 53, 306, 119, 437, 560, 316, 135, 613, 487, 134, 589, 735, 915, 207, 802, 602, 618, 825, 0, 247, 822, 364, 453, 298, 369, 456, 572, 848, 522, 555, 522, 415, 524, 125, 727, 521, 219, 439, 268, 89, 854, 73, 647, 57, 175, 987, 669, 773, 931, 171, 60, 238, 366, 727, 513, 896, 621, 655, 399, 68, 432, 488, 580, 305, 188, 806, 82],
[532, 253, 565, 198, 975, 819, 679, 604, 130, 672, 665, 309, 809, 498, 571, 834, 654, 630, 878, 165, 316, 883, 779, 465, 668, 631, 109, 44, 654, 123, 740, 817, 627, 114, 836, 152, 219, 635, 628, 983, 754, 637, 250, 755, 355, 926, 761, 209, 131, 413, 112, 104, 284, 738, 768, 647, 815, 447, 373, 694, 503, 869, 380, 499, 623, 780, 656, 385, 137, 893, 947, 247, 0, 482, 86, 98, 245, 846, 898, 956, 551, 248, 506, 146, 454, 720, 827, 85, 918, 872, 821, 17, 857, 853, 963, 19, 143, 340, 842, 840, 247, 356, 73, 144, 25, 170, 563, 790, 956, 48, 442, 34, 687, 88, 146, 113, 291, 77, 937, 180],
[419, 329, 700, 511, 102, 264, 481, 684, 866, 487, 873, 966, 387, 948, 436, 17, 36, 665, 326, 199, 971, 717, 332, 28, 425, 567, 451, 15, 775, 625, 106, 609, 465, 88, 338, 606, 464, 54, 765, 877, 171, 128, 913, 463, 830, 325, 961, 843, 532, 940, 16, 501, 328, 92, 251, 156, 317, 301, 97, 703, 231, 64, 795, 720, 583, 182, 466, 976, 595, 745, 424, 822, 482, 0, 851, 570, 514, 350, 291, 380, 125, 668, 65, 931, 253, 954, 616, 680, 656, 452, 437, 497, 547, 277, 358, 955, 721, 794, 333, 821, 793, 409, 181, 369, 72, 273, 942, 42, 837, 870, 285, 568, 249, 467, 98, 868, 919, 162, 719, 443],
[801, 312, 376, 506, 735, 743, 44, 345, 170, 382, 46, 236, 115, 944, 216, 370, 997, 30, 23, 782, 549, 33, 136, 305, 309, 520, 117, 895, 60, 382, 906, 319, 395, 50, 430, 979, 106, 459, 602, 672, 968, 209, 163, 869, 844, 72, 720, 679, 696, 400, 905, 632, 692, 146, 307, 865, 584, 15, 892, 390, 522, 433, 372, 345, 886, 767, 274, 101, 632, 295, 956, 364, 86, 851, 0, 875, 162, 414, 937, 75, 872, 282, 906, 957, 508, 896, 663, 686, 871, 184, 392, 949, 638, 566, 342, 826, 185, 343, 288, 508, 46, 909, 756, 795, 845, 868, 777, 945, 85, 925, 30, 152, 785, 311, 153, 752, 442, 21, 210, 569],
[77, 257, 221, 995, 389, 738, 659, 65, 291, 641, 615, 422, 435, 498, 993, 888, 615, 946, 320, 711, 60, 931, 988, 466, 683, 219, 256, 319, 245, 467, 454, 499, 322, 825, 107, 814, 456, 578, 747, 817, 314, 872, 67, 925, 797, 715, 959, 416, 874, 357, 244, 621, 230, 444, 843, 787, 662, 322, 661, 648, 539, 791, 214, 683, 984, 96, 82, 938, 323, 918, 206, 453, 98, 570, 875, 0, 608, 691, 27, 880, 321, 960, 209, 413, 933, 821, 719, 431, 679, 638, 553, 815, 184, 691, 959, 400, 638, 590, 901, 874, 280, 753, 743, 144, 61, 101, 345, 783, 291, 722, 663, 111, 16, 565, 588, 695, 135, 190, 997, 450],
[789, 289, 88, 444, 834, 103, 992, 474, 222, 774, 87, 442, 446, 917, 397, 883, 38, 734, 227, 639, 184, 648, 26, 655, 248, 651, 673, 446, 321, 656, 334, 376, 453, 511, 136, 846, 900, 301, 90, 979, 457, 767, 248, 245, 306, 946, 634, 151, 319, 964, 927, 340, 931, 649, 292, 611, 915, 212, 384, 807, 245, 223, 433, 906, 359, 931, 138, 134, 331, 970, 474, 298, 245, 514, 162, 608, 0, 832, 880, 454, 812, 91, 784, 686, 245, 590, 340, 860, 535, 408, 912, 841, 322, 966, 539, 374, 432, 965, 916, 843, 306, 915, 679, 139, 846, 845, 426, 191, 113, 366, 560, 309, 801, 445, 799, 772, 196, 948, 415, 479],
[913, 691, 386, 798, 85, 878, 336, 42, 329, 764, 776, 285, 643, 271, 510, 754, 464, 248, 334, 850, 461, 80, 293, 411, 546, 965, 860, 104, 22, 734, 647, 430, 797, 301, 445, 255, 382, 94, 649, 172, 163, 449, 807, 981, 814, 257, 78, 538, 838, 752, 918, 75, 129, 423, 944, 411, 376, 906, 686, 964, 189, 686, 975, 383, 684, 372, 87, 392, 135, 703, 23, 369, 846, 350, 414, 691, 832, 0, 860, 715, 947, 882, 872, 459, 922, 818, 605, 649, 487, 580, 881, 515, 131, 433, 231, 155, 574, 643, 186, 507, 918, 622, 470, 350, 369, 231, 743, 763, 606, 601, 22, 361, 685, 366, 174, 718, 474, 148, 761, 141],
[276, 556, 164, 777, 997, 418, 847, 398, 500, 298, 780, 679, 555, 685, 472, 50, 436, 944, 344, 185, 853, 543, 463, 949, 590, 416, 952, 348, 455, 41, 361, 267, 764, 549, 875, 73, 361, 881, 507, 462, 827, 933, 847, 646, 649, 557, 574, 578, 828, 756, 197, 370, 380, 792, 100, 657, 629, 825, 514, 664, 167, 676, 913, 117, 338, 569, 466, 761, 374, 84, 293, 456, 898, 291, 937, 27, 880, 860, 0, 816, 656, 694, 899, 137, 119, 879, 50, 772, 184, 117, 42, 547, 650, 45, 560, 461, 933, 808, 76, 743, 913, 527, 205, 660, 700, 761, 779, 27, 775, 549, 680, 309, 507, 431, 425, 525, 562, 59, 463, 563],
[403, 608, 795, 870, 157, 853, 307, 877, 133, 873, 512, 152, 250, 198, 666, 283, 562, 377, 479, 368, 356, 312, 299, 653, 51, 737, 364, 179, 631, 821, 526, 321, 178, 637, 824, 116, 412, 985, 778, 335, 359, 598, 40, 178, 482, 287, 876, 357, 652, 26, 974, 236, 637, 39, 145, 234, 862, 773, 68, 955, 921, 162, 482, 871, 453, 123, 626, 687, 979, 149, 758, 572, 956, 380, 75, 880, 454, 715, 816, 0, 483, 494, 15, 711, 745, 250, 689, 935, 99, 694, 316, 550, 605, 288, 815, 933, 437, 976, 651, 661, 111, 78, 234, 283, 759, 970, 129, 388, 279, 216, 800, 290, 454, 185, 707, 456, 682, 413, 68, 382],
[938, 39, 838, 62, 422, 215, 852, 191, 886, 54, 134, 563, 440, 359, 239, 912, 654, 42, 304, 904, 472, 377, 809, 672, 983, 768, 917, 804, 328, 87, 420, 782, 295, 452, 907, 959, 157, 364, 668, 27, 868, 664, 387, 436, 717, 689, 602, 37, 275, 540, 654, 85, 574, 118, 553, 963, 666, 336, 245, 985, 269, 75, 654, 598, 792, 130, 800, 51, 68, 519, 518, 848, 551, 125, 872, 321, 812, 947, 656, 483, 0, 921, 159, 132, 694, 118, 474, 511, 711, 733, 637, 378, 346, 942, 96, 536, 759, 569, 240, 904, 11, 869, 255, 744, 614, 56, 173, 200, 701, 68, 805, 908, 812, 351, 393, 916, 830, 804, 845, 660],
[124, 847, 916, 756, 903, 575, 734, 835, 78, 896, 209, 304, 251, 182, 303, 637, 494, 599, 368, 507, 714, 487, 394, 903, 46, 719, 695, 776, 950, 306, 717, 275, 993, 579, 355, 764, 406, 415, 755, 97, 212, 554, 256, 173, 831, 94, 171, 928, 65, 309, 581, 882, 10, 805, 506, 764, 633, 222, 704, 728, 334, 710, 101, 271, 801, 780, 198, 321, 975, 331, 422, 522, 248, 668, 282, 960, 91, 882, 694, 494, 921, 0, 681, 263, 186, 793, 483, 181, 945, 940, 649, 501, 342, 74, 153, 718, 746, 246, 555, 365, 551, 171, 138, 687, 674, 831, 799, 375, 934, 313, 763, 248, 833, 821, 530, 42, 255, 337, 837, 901],
[114, 608, 806, 791, 339, 731, 384, 758, 78, 813, 770, 951, 564, 568, 699, 451, 295, 983, 540, 905, 203, 332, 59, 758, 388, 687, 85, 19, 878, 929, 997, 246, 239, 770, 678, 690, 297, 96, 905, 495, 996, 458, 613, 940, 673, 818, 436, 717, 314, 446, 250, 779, 297, 898, 861, 511, 463, 451, 423, 552, 496, 159, 229, 861, 925, 509, 656, 471, 334, 219, 258, 555, 506, 65, 906, 209, 784, 872, 899, 15, 159, 681, 0, 755, 713, 285, 69, 863, 613, 153, 700, 699, 890, 18, 779, 571, 850, 820, 478, 854, 875, 175, 351, 839, 142, 925, 215, 706, 851, 938, 794, 89, 710, 953, 696, 465, 721, 739, 330, 266],
[84, 821, 14, 910, 81, 254, 242, 528, 427, 778, 736, 430, 209, 11, 917, 473, 824, 766, 632, 791, 812, 440, 532, 110, 186, 496, 336, 49, 915, 109, 357, 287, 459, 158, 494, 70, 567, 212, 780, 348, 540, 980, 340, 517, 849, 109, 540, 347, 285, 859, 292, 334, 994, 119, 358, 60, 777, 72, 913, 650, 372, 994, 545, 359, 869, 717, 497, 472, 626, 321, 573, 522, 146, 931, 957, 413, 686, 459, 137, 711, 132, 263, 755, 0, 380, 880, 146, 481, 533, 190, 317, 568, 906, 797, 151, 503, 153, 979, 467, 956, 539, 38, 979, 669, 992, 827, 650, 304, 412, 768, 352, 985, 404, 143, 427, 148, 745, 279, 15, 535],
[553, 101, 475, 171, 274, 428, 467, 515, 227, 706, 365, 472, 633, 105, 552, 816, 982, 305, 25, 10, 339, 938, 980, 468, 356, 836, 364, 816, 704, 589, 100, 970, 19, 952, 476, 659, 815, 677, 407, 388, 101, 513, 743, 333, 372, 23, 412, 354, 297, 998, 917, 537, 122, 962, 406, 746, 334, 609, 237, 306, 405, 128, 376, 370, 955, 330, 646, 863, 725, 823, 616, 415, 454, 253, 508, 933, 245, 922, 119, 745, 694, 186, 713, 380, 0, 366, 827, 257, 251, 18, 922, 111, 790, 561, 817, 789, 594, 37, 948, 542, 593, 538, 397, 710, 755, 20, 699, 301, 201, 212, 780, 939, 505, 589, 514, 885, 898, 642, 233, 894],
[435, 900, 568, 711, 12, 320, 491, 78, 201, 568, 741, 295, 346, 256, 425, 690, 179, 358, 651, 976, 921, 453, 245, 132, 196, 922, 132, 182, 361, 835, 879, 723, 929, 192, 926, 806, 449, 822, 976, 633, 599, 952, 38, 641, 753, 532, 812, 623, 119, 612, 269, 529, 48, 125, 641, 878, 922, 140, 896, 428, 462, 85, 878, 996, 518, 923, 855, 103, 766, 780, 749, 524, 720, 954, 896, 821, 590, 818, 879, 250, 118, 793, 285, 880, 366, 0, 25, 854, 127, 186, 66, 877, 809, 70, 556, 844, 503, 123, 194, 254, 68, 595, 188, 540, 935, 864, 849, 563, 677, 881, 583, 465, 82, 434, 152, 916, 675, 539, 537, 921],
[272, 321, 541, 98, 739, 626, 775, 118, 303, 587, 237, 900, 828, 521, 721, 313, 967, 678, 633, 821, 736, 456, 244, 656, 728, 306, 726, 809, 987, 972, 744, 346, 791, 579, 915, 118, 669, 672, 456, 59, 13, 906, 339, 999, 372, 989, 117, 670, 41, 191, 735, 576, 504, 488, 549, 373, 205, 661, 664, 130, 192, 141, 407, 293, 689, 876, 935, 649, 701, 789, 672, 125, 827, 616, 663, 719, 340, 605, 50, 689, 474, 483, 69, 146, 827, 25, 0, 251, 543, 617, 925, 264, 772, 818, 598, 309, 539, 533, 189, 268, 356, 744, 496, 460, 453, 103, 948, 941, 760, 505, 319, 670, 854, 264, 981, 300, 881, 88, 863, 516],
[927, 680, 41, 597, 351, 922, 594, 227, 138, 661, 970, 435, 852, 832, 908, 246, 982, 831, 797, 928, 342, 274, 955, 698, 64, 736, 703, 228, 46, 568, 726, 720, 892, 138, 455, 197, 901, 939, 256, 274, 949, 870, 140, 759, 917, 676, 248, 860, 136, 734, 127, 158, 666, 795, 582, 840, 238, 146, 866, 947, 301, 168, 126, 394, 268, 958, 764, 896, 80, 893, 198, 727, 85, 680, 686, 431, 860, 649, 772, 935, 511, 181, 863, 481, 257, 854, 251, 0, 885, 844, 790, 586, 496, 49, 555, 238, 202, 584, 898, 115, 234, 939, 782, 211, 383, 647, 128, 419, 408, 457, 258, 343, 390, 803, 390, 502, 704, 410, 53, 742],
[966, 666, 373, 351, 535, 392, 333, 974, 958, 787, 972, 435, 635, 766, 842, 248, 885, 988, 576, 852, 845, 814, 215, 841, 716, 745, 347, 449, 671, 895, 329, 774, 992, 772, 169, 168, 488, 572, 716, 775, 904, 396, 175, 170, 168, 250, 306, 911, 216, 57, 388, 752, 874, 403, 719, 599, 914, 710, 402, 197, 766, 741, 455, 298, 577, 666, 551, 856, 202, 472, 90, 521, 918, 656, 871, 679, 535, 487, 184, 99, 711, 945, 613, 533, 251, 127, 543, 885, 0, 655, 795, 497, 708, 974, 665, 545, 327, 175, 524, 599, 30, 360, 762, 400, 302, 84, 645, 823, 954, 268, 190, 694, 81, 334, 763, 331, 890, 873, 428, 226],
[516, 306, 928, 296, 980, 811, 82, 669, 649, 846, 362, 446, 14, 135, 339, 531, 467, 183, 124, 35, 993, 10, 889, 589, 322, 49, 534, 696, 135, 544, 525, 123, 381, 876, 690, 270, 36, 427, 587, 486, 189, 926, 986, 477, 443, 298, 413, 205, 277, 913, 246, 845, 660, 521, 989, 838, 418, 461, 950, 290, 283, 133, 74, 83, 543, 437, 38, 576, 152, 41, 886, 219, 872, 452, 184, 638, 408, 580, 117, 694, 733, 940, 153, 190, 18, 186, 617, 844, 655, 0, 57, 382, 943, 482, 288, 211, 389, 407, 70, 23, 728, 372, 395, 234, 649, 158, 593, 179, 882, 785, 267, 231, 825, 97, 110, 484, 638, 205, 352, 869],
[973, 672, 556, 918, 358, 688, 620, 299, 753, 349, 455, 301, 948, 686, 437, 621, 77, 462, 90, 864, 899, 664, 679, 187, 909, 278, 346, 696, 509, 403, 782, 934, 819, 969, 666, 486, 160, 561, 544, 944, 481, 366, 158, 353, 807, 950, 221, 319, 74, 588, 509, 477, 683, 389, 611, 842, 851, 125, 246, 48, 348, 941, 391, 849, 40, 670, 89, 994, 21, 687, 515, 439, 821, 437, 392, 553, 912, 881, 42, 316, 637, 649, 700, 317, 922, 66, 925, 790, 795, 57, 0, 365, 13, 784, 509, 506, 51, 893, 677, 158, 101, 255, 197, 123, 159, 53, 826, 333, 136, 715, 516, 383, 961, 745, 912, 968, 395, 970, 996, 38],
[705, 506, 802, 207, 191, 770, 480, 416, 40, 827, 980, 546, 503, 604, 537, 494, 118, 859, 920, 258, 702, 690, 655, 339, 270, 889, 827, 108, 971, 777, 71, 580, 645, 418, 501, 570, 674, 714, 803, 251, 547, 225, 954, 204, 225, 335, 676, 316, 529, 991, 226, 241, 211, 882, 624, 863, 775, 255, 958, 337, 898, 861, 672, 985, 90, 625, 391, 536, 990, 886, 355, 268, 17, 497, 949, 815, 841, 515, 547, 550, 378, 501, 699, 568, 111, 877, 264, 586, 497, 382, 365, 0, 631, 584, 129, 147, 134, 808, 296, 161, 49, 779, 463, 682, 782, 520, 885, 822, 363, 594, 394, 439, 139, 592, 607, 970, 674, 952, 337, 213],
[622, 662, 377, 598, 741, 54, 506, 80, 348, 809, 712, 165, 720, 963, 669, 76, 321, 246, 918, 923, 495, 21, 36, 986, 962, 256, 286, 240, 441, 645, 972, 249, 919, 330, 151, 850, 998, 64, 395, 787, 860, 824, 394, 661, 867, 525, 402, 279, 905, 335, 12, 128, 111, 374, 523, 317, 428, 53, 949, 131, 156, 881, 967, 77, 85, 245, 164, 561, 267, 730, 582, 89, 857, 547, 638, 184, 322, 131, 650, 605, 346, 342, 890, 906, 790, 809, 772, 496, 708, 943, 13, 631, 0, 801, 76, 680, 725, 522, 23, 287, 188, 120, 30, 119, 127, 311, 456, 774, 516, 463, 77, 591, 334, 830, 266, 406, 459, 203, 231, 544],
[50, 74, 713, 626, 841, 80, 184, 147, 86, 750, 871, 793, 825, 951, 201, 621, 572, 179, 745, 111, 61, 681, 43, 921, 603, 539, 610, 453, 332, 833, 880, 848, 698, 655, 344, 959, 221, 219, 289, 588, 894, 890, 762, 581, 633, 665, 558, 435, 689, 159, 388, 312, 706, 136, 365, 257, 664, 942, 560, 944, 779, 599, 269, 647, 142, 734, 302, 449, 522, 990, 345, 854, 853, 277, 566, 691, 966, 433, 45, 288, 942, 74, 18, 797, 561, 70, 818, 49, 974, 482, 784, 584, 801, 0, 302, 704, 249, 590, 773, 433, 451, 951, 807, 288, 181, 133, 959, 817, 516, 801, 952, 228, 608, 927, 283, 99, 483, 741, 842, 440],
[431, 435, 987, 208, 452, 300, 498, 710, 263, 548, 481, 148, 902, 685, 424, 863, 65, 719, 892, 724, 327, 426, 141, 890, 918, 325, 225, 81, 602, 728, 971, 43, 166, 169, 984, 70, 679, 217, 484, 213, 998, 946, 575, 870, 689, 655, 965, 768, 875, 758, 540, 18, 493, 653, 598, 647, 288, 707, 682, 975, 994, 456, 369, 101, 78, 195, 398, 892, 677, 340, 448, 73, 963, 358, 342, 959, 539, 231, 560, 815, 96, 153, 779, 151, 817, 556, 598, 555, 665, 288, 509, 129, 76, 302, 0, 18, 667, 505, 333, 372, 499, 357, 876, 346, 761, 416, 423, 899, 998, 242, 315, 379, 685, 443, 266, 733, 978, 868, 947, 696],
[696, 946, 454, 802, 160, 98, 786, 290, 502, 611, 958, 304, 922, 156, 474, 599, 136, 55, 652, 429, 371, 499, 338, 290, 228, 936, 696, 69, 644, 653, 472, 242, 219, 509, 114, 283, 889, 761, 967, 279, 297, 862, 162, 884, 903, 607, 806, 698, 228, 178, 88, 310, 569, 206, 131, 903, 62, 383, 882, 893, 607, 150, 733, 906, 242, 273, 555, 678, 882, 138, 969, 647, 19, 955, 826, 400, 374, 155, 461, 933, 536, 718, 571, 503, 789, 844, 309, 238, 545, 211, 506, 147, 680, 704, 18, 0, 821, 697, 150, 831, 399, 526, 390, 913, 435, 740, 231, 932, 453, 205, 430, 411, 454, 501, 133, 958, 606, 50, 152, 444],
[794, 253, 902, 330, 470, 210, 561, 673, 384, 922, 984, 359, 379, 259, 768, 93, 968, 871, 711, 308, 566, 407, 757, 847, 622, 519, 127, 526, 954, 502, 828, 23, 169, 894, 560, 27, 932, 124, 90, 751, 805, 409, 688, 464, 586, 475, 303, 644, 831, 774, 916, 46, 476, 984, 12, 740, 120, 896, 745, 910, 594, 818, 774, 843, 59, 35, 96, 240, 788, 515, 162, 57, 143, 721, 185, 638, 432, 574, 933, 437, 759, 746, 850, 153, 594, 503, 539, 202, 327, 389, 51, 134, 725, 249, 667, 821, 0, 925, 43, 857, 249, 557, 642, 272, 661, 840, 671, 684, 160, 928, 663, 911, 157, 21, 466, 738, 329, 628, 164, 670],
[816, 616, 505, 773, 832, 28, 924, 577, 124, 499, 234, 707, 180, 618, 733, 358, 589, 291, 810, 291, 165, 677, 79, 685, 764, 871, 693, 342, 740, 180, 892, 459, 927, 294, 995, 110, 215, 130, 887, 342, 157, 532, 571, 822, 927, 891, 269, 132, 661, 232, 629, 237, 269, 343, 635, 991, 880, 140, 757, 715, 108, 705, 333, 465, 293, 722, 446, 388, 698, 681, 386, 175, 340, 794, 343, 590, 965, 643, 808, 976, 569, 246, 820, 979, 37, 123, 533, 584, 175, 407, 893, 808, 522, 590, 505, 697, 925, 0, 362, 719, 749, 133, 150, 389, 908, 24, 306, 842, 306, 128, 947, 780, 18, 231, 418, 220, 194, 238, 403, 476],
[115, 44, 702, 807, 727, 184, 572, 169, 769, 34, 496, 811, 537, 222, 659, 265, 747, 549, 745, 929, 516, 860, 15, 451, 810, 745, 301, 231, 246, 596, 153, 893, 72, 455, 137, 802, 522, 955, 760, 398, 878, 356, 475, 715, 834, 384, 764, 799, 845, 732, 265, 60, 130, 79, 183, 113, 957, 426, 481, 598, 192, 948, 406, 233, 624, 823, 238, 969, 293, 909, 619, 987, 842, 333, 288, 901, 916, 186, 76, 651, 240, 555, 478, 467, 948, 194, 189, 898, 524, 70, 677, 296, 23, 773, 333, 150, 43, 362, 0, 29, 543, 704, 104, 345, 411, 165, 344, 899, 991, 779, 847, 832, 494, 568, 81, 366, 315, 596, 63, 709],
[278, 947, 240, 567, 974, 901, 241, 541, 932, 358, 336, 203, 795, 458, 134, 601, 413, 740, 943, 870, 707, 505, 282, 712, 314, 572, 22, 231, 972, 282, 941, 835, 342, 358, 109, 686, 625, 918, 579, 254, 890, 314, 943, 205, 372, 861, 821, 821, 503, 562, 430, 224, 583, 535, 357, 49, 463, 32, 282, 724, 593, 783, 912, 376, 511, 492, 36, 859, 215, 406, 537, 669, 840, 821, 508, 874, 843, 507, 743, 661, 904, 365, 854, 956, 542, 254, 268, 115, 599, 23, 158, 161, 287, 433, 372, 831, 857, 719, 29, 0, 248, 632, 863, 293, 363, 258, 362, 345, 401, 433, 212, 715, 734, 621, 108, 229, 791, 443, 232, 626],
[786, 225, 91, 700, 439, 907, 464, 168, 842, 442, 398, 478, 981, 903, 395, 128, 946, 319, 781, 968, 836, 152, 876, 888, 28, 652, 743, 853, 121, 144, 243, 407, 973, 655, 124, 97, 241, 562, 950, 558, 925, 706, 281, 897, 319, 634, 895, 823, 19, 149, 427, 36, 172, 23, 88, 808, 978, 414, 360, 923, 482, 895, 941, 970, 630, 492, 64, 767, 358, 992, 776, 773, 247, 793, 46, 280, 306, 918, 913, 111, 11, 551, 875, 539, 593, 68, 356, 234, 30, 728, 101, 49, 188, 451, 499, 399, 249, 749, 543, 248, 0, 227, 24, 244, 391, 759, 988, 462, 447, 622, 430, 160, 97, 286, 447, 972, 860, 46, 911, 267],
[44, 941, 588, 49, 809, 789, 290, 655, 640, 615, 29, 89, 265, 161, 471, 529, 609, 102, 332, 979, 277, 689, 448, 265, 38, 37, 969, 300, 179, 506, 979, 97, 576, 841, 560, 544, 640, 67, 626, 654, 280, 905, 116, 293, 616, 268, 989, 534, 144, 552, 853, 267, 123, 750, 985, 53, 82, 476, 767, 275, 327, 298, 381, 790, 817, 227, 345, 839, 914, 806, 831, 931, 356, 409, 909, 753, 915, 622, 527, 78, 869, 171, 175, 38, 538, 595, 744, 939, 360, 372, 255, 779, 120, 951, 357, 526, 557, 133, 704, 632, 227, 0, 432, 490, 389, 721, 379, 342, 350, 443, 528, 569, 210, 745, 954, 742, 961, 712, 851, 957],
[366, 697, 440, 249, 463, 629, 760, 448, 490, 830, 661, 581, 139, 889, 769, 61, 699, 631, 443, 983, 501, 484, 19, 600, 760, 319, 97, 457, 699, 919, 72, 796, 958, 977, 69, 365, 535, 519, 59, 454, 777, 518, 50, 612, 330, 172, 481, 843, 232, 689, 940, 17, 911, 84, 349, 890, 23, 226, 831, 219, 371, 464, 491, 722, 162, 151, 883, 299, 643, 669, 676, 171, 73, 181, 756, 743, 679, 470, 205, 234, 255, 138, 351, 979, 397, 188, 496, 782, 762, 395, 197, 463, 30, 807, 876, 390, 642, 150, 104, 863, 24, 432, 0, 813, 10, 239, 865, 295, 198, 589, 950, 747, 661, 402, 37, 162, 209, 326, 847, 173],
[608, 176, 954, 371, 420, 850, 967, 225, 517, 769, 576, 571, 119, 277, 226, 664, 412, 412, 688, 206, 346, 918, 620, 185, 269, 440, 543, 21, 93, 484, 816, 696, 190, 193, 923, 806, 993, 778, 319, 465, 978, 789, 490, 666, 236, 387, 915, 776, 859, 154, 974, 859, 220, 865, 989, 485, 60, 800, 21, 857, 387, 707, 938, 734, 670, 203, 708, 512, 261, 717, 47, 60, 144, 369, 795, 144, 139, 350, 660, 283, 744, 687, 839, 669, 710, 540, 460, 211, 400, 234, 123, 682, 119, 288, 346, 913, 272, 389, 345, 293, 244, 490, 813, 0, 187, 872, 737, 187, 217, 917, 43, 707, 47, 291, 649, 675, 489, 595, 812, 771],
[444, 134, 547, 732, 428, 614, 838, 809, 991, 900, 145, 709, 973, 652, 95, 740, 964, 500, 473, 628, 549, 804, 227, 828, 160, 844, 540, 96, 379, 46, 796, 823, 449, 678, 434, 473, 170, 63, 274, 943, 647, 720, 874, 488, 456, 678, 703, 614, 202, 280, 503, 475, 966, 846, 911, 592, 409, 117, 512, 531, 996, 469, 708, 331, 853, 503, 426, 418, 68, 856, 713, 238, 25, 72, 845, 61, 846, 369, 700, 759, 614, 674, 142, 992, 755, 935, 453, 383, 302, 649, 159, 782, 127, 181, 761, 435, 661, 908, 411, 363, 391, 389, 10, 187, 0, 559, 700, 340, 565, 731, 471, 618, 356, 563, 773, 551, 153, 987, 58, 741],
[456, 205, 521, 105, 852, 478, 450, 964, 137, 273, 631, 351, 325, 637, 690, 902, 379, 91, 691, 156, 773, 640, 807, 637, 604, 335, 947, 338, 765, 932, 761, 25, 200, 272, 345, 560, 898, 961, 370, 637, 700, 680, 762, 551, 494, 86, 853, 848, 891, 780, 382, 988, 368, 629, 296, 520, 911, 296, 77, 493, 529, 694, 802, 474, 854, 730, 836, 877, 475, 167, 974, 366, 170, 273, 868, 101, 845, 231, 761, 970, 56, 831, 925, 827, 20, 864, 103, 647, 84, 158, 53, 520, 311, 133, 416, 740, 840, 24, 165, 258, 759, 721, 239, 872, 559, 0, 512, 759, 837, 375, 394, 435, 919, 678, 331, 612, 225, 756, 140, 112],
[780, 976, 462, 466, 328, 650, 859, 750, 944, 806, 158, 279, 987, 563, 944, 581, 904, 249, 824, 751, 972, 513, 433, 718, 777, 603, 339, 840, 57, 741, 593, 734, 283, 991, 637, 224, 890, 351, 635, 182, 822, 871, 205, 612, 893, 992, 341, 152, 342, 532, 38, 802, 217, 996, 471, 235, 701, 386, 591, 800, 771, 10, 38, 637, 351, 569, 517, 112, 298, 483, 684, 727, 563, 942, 777, 345, 426, 743, 779, 129, 173, 799, 215, 650, 699, 849, 948, 128, 645, 593, 826, 885, 456, 959, 423, 231, 671, 306, 344, 362, 988, 379, 865, 737, 700, 512, 0, 554, 696, 230, 21, 780, 130, 396, 79, 329, 918, 768, 853, 696],
[61, 204, 894, 169, 547, 31, 847, 486, 365, 666, 947, 993, 324, 805, 865, 138, 306, 974, 733, 496, 738, 174, 719, 697, 512, 358, 172, 786, 242, 898, 288, 507, 10, 147, 635, 212, 580, 347, 750, 571, 246, 676, 488, 462, 249, 293, 978, 702, 398, 784, 704, 687, 682, 189, 316, 309, 865, 629, 267, 985, 913, 556, 523, 511, 315, 34, 795, 218, 963, 482, 689, 513, 790, 42, 945, 783, 191, 763, 27, 388, 200, 375, 706, 304, 301, 563, 941, 419, 823, 179, 333, 822, 774, 817, 899, 932, 684, 842, 899, 345, 462, 342, 295, 187, 340, 759, 554, 0, 252, 49, 183, 875, 713, 815, 91, 635, 909, 231, 491, 217],
[407, 22, 124, 35, 402, 826, 977, 905, 869, 775, 356, 527, 162, 863, 471, 397, 50, 507, 115, 142, 204, 19, 739, 858, 575, 271, 632, 284, 528, 597, 986, 102, 583, 337, 950, 972, 290, 386, 751, 130, 906, 669, 89, 437, 239, 416, 149, 82, 837, 985, 723, 976, 553, 931, 829, 401, 418, 294, 491, 250, 684, 720, 186, 632, 885, 770, 903, 298, 696, 638, 162, 896, 956, 837, 85, 291, 113, 606, 775, 279, 701, 934, 851, 412, 201, 677, 760, 408, 954, 882, 136, 363, 516, 516, 998, 453, 160, 306, 991, 401, 447, 350, 198, 217, 565, 837, 696, 252, 0, 52, 640, 924, 114, 69, 764, 63, 578, 908, 408, 841],
[148, 457, 378, 76, 708, 167, 14, 580, 990, 60, 173, 253, 802, 944, 400, 701, 771, 504, 471, 224, 900, 532, 11, 695, 118, 456, 94, 923, 688, 920, 640, 743, 961, 800, 250, 296, 793, 924, 365, 119, 438, 362, 68, 491, 14, 581, 23, 814, 771, 87, 254, 957, 342, 145, 532, 320, 829, 905, 200, 103, 708, 651, 840, 947, 363, 309, 415, 936, 274, 534, 741, 621, 48, 870, 925, 722, 366, 601, 549, 216, 68, 313, 938, 768, 212, 881, 505, 457, 268, 785, 715, 594, 463, 801, 242, 205, 928, 128, 779, 433, 622, 443, 589, 917, 731, 375, 230, 49, 52, 0, 633, 769, 58, 181, 256, 925, 798, 87, 421, 576],
[874, 524, 538, 39, 289, 653, 236, 77, 145, 896, 304, 580, 165, 857, 324, 556, 809, 604, 495, 934, 745, 218, 819, 725, 260, 848, 554, 740, 633, 831, 518, 798, 181, 44, 491, 380, 724, 983, 858, 403, 861, 139, 224, 228, 121, 194, 391, 500, 268, 461, 664, 11, 474, 692, 967, 795, 700, 714, 791, 235, 589, 698, 805, 660, 934, 989, 241, 391, 852, 422, 916, 655, 442, 285, 30, 663, 560, 22, 680, 800, 805, 763, 794, 352, 780, 583, 319, 258, 190, 267, 516, 394, 77, 952, 315, 430, 663, 947, 847, 212, 430, 528, 950, 43, 471, 394, 21, 183, 640, 633, 0, 64, 736, 546, 288, 399, 551, 723, 366, 739],
[500, 468, 481, 35, 435, 735, 568, 87, 942, 762, 558, 580, 440, 246, 726, 427, 207, 83, 59, 281, 661, 447, 392, 815, 100, 511, 294, 58, 760, 595, 978, 334, 70, 722, 435, 428, 660, 649, 210, 959, 74, 678, 520, 934, 410, 572, 15, 205, 88, 366, 439, 208, 494, 518, 561, 876, 958, 367, 305, 319, 718, 931, 423, 936, 272, 624, 565, 552, 148, 774, 484, 399, 34, 568, 152, 111, 309, 361, 309, 290, 908, 248, 89, 985, 939, 465, 670, 343, 694, 231, 383, 439, 591, 228, 379, 411, 911, 780, 832, 715, 160, 569, 747, 707, 618, 435, 780, 875, 924, 769, 64, 0, 321, 1000, 391, 873, 546, 529, 58, 945],
[337, 414, 862, 165, 274, 932, 821, 177, 399, 617, 132, 531, 260, 520, 500, 450, 464, 272, 923, 292, 721, 272, 44, 162, 49, 662, 202, 780, 478, 272, 742, 761, 751, 582, 78, 278, 416, 632, 29, 446, 964, 176, 101, 587, 566, 787, 514, 525, 223, 450, 181, 364, 285, 461, 892, 632, 664, 298, 471, 36, 271, 455, 258, 650, 119, 53, 223, 762, 28, 127, 562, 68, 687, 249, 785, 16, 801, 685, 507, 454, 812, 833, 710, 404, 505, 82, 854, 390, 81, 825, 961, 139, 334, 608, 685, 454, 157, 18, 494, 734, 97, 210, 661, 47, 356, 919, 130, 713, 114, 58, 736, 321, 0, 365, 178, 577, 96, 169, 334, 656],
[919, 196, 990, 76, 597, 889, 1000, 557, 438, 436, 672, 882, 575, 754, 749, 545, 167, 747, 637, 318, 975, 354, 640, 756, 498, 756, 557, 541, 511, 390, 312, 804, 872, 728, 45, 588, 276, 448, 805, 157, 827, 184, 174, 125, 168, 657, 18, 457, 384, 911, 79, 457, 364, 860, 694, 516, 953, 265, 316, 159, 194, 397, 947, 383, 785, 227, 228, 429, 889, 284, 738, 432, 88, 467, 311, 565, 445, 366, 431, 185, 351, 821, 953, 143, 589, 434, 264, 803, 334, 97, 745, 592, 830, 927, 443, 501, 21, 231, 568, 621, 286, 745, 402, 291, 563, 678, 396, 815, 69, 181, 546, 1000, 365, 0, 594, 986, 365, 559, 456, 344],
[78, 575, 778, 296, 835, 467, 537, 282, 87, 285, 601, 361, 62, 122, 399, 604, 146, 293, 67, 844, 798, 318, 12, 753, 497, 494, 15, 434, 995, 928, 46, 553, 794, 374, 768, 294, 214, 963, 783, 841, 898, 422, 185, 629, 238, 126, 249, 935, 661, 998, 82, 34, 619, 778, 381, 479, 836, 999, 132, 290, 653, 701, 643, 566, 197, 329, 703, 175, 152, 449, 563, 488, 146, 98, 153, 588, 799, 174, 425, 707, 393, 530, 696, 427, 514, 152, 981, 390, 763, 110, 912, 607, 266, 283, 266, 133, 466, 418, 81, 108, 447, 954, 37, 649, 773, 331, 79, 91, 764, 256, 288, 391, 178, 594, 0, 631, 367, 982, 34, 351],
[57, 204, 326, 608, 321, 934, 817, 30, 87, 697, 87, 736, 616, 773, 321, 171, 985, 422, 677, 758, 713, 262, 983, 76, 373, 772, 373, 462, 426, 233, 971, 655, 532, 75, 627, 81, 48, 390, 366, 665, 121, 166, 625, 378, 312, 595, 727, 665, 510, 771, 661, 701, 888, 15, 87, 515, 163, 334, 101, 582, 653, 386, 874, 860, 455, 794, 449, 657, 408, 631, 782, 580, 113, 868, 752, 695, 772, 718, 525, 456, 916, 42, 465, 148, 885, 916, 300, 502, 331, 484, 968, 970, 406, 99, 733, 958, 738, 220, 366, 229, 972, 742, 162, 675, 551, 612, 329, 635, 63, 925, 399, 873, 577, 986, 631, 0, 645, 576, 209, 571],
[822, 292, 122, 783, 818, 848, 540, 890, 117, 447, 154, 277, 867, 973, 602, 819, 397, 462, 515, 195, 634, 74, 327, 765, 510, 319, 505, 474, 848, 490, 271, 253, 544, 94, 56, 25, 424, 866, 264, 925, 58, 628, 434, 428, 611, 904, 20, 438, 315, 646, 661, 978, 525, 619, 988, 356, 598, 316, 276, 324, 503, 127, 417, 661, 30, 889, 373, 372, 325, 378, 635, 305, 291, 919, 442, 135, 196, 474, 562, 682, 830, 255, 721, 745, 898, 675, 881, 704, 890, 638, 395, 674, 459, 483, 978, 606, 329, 194, 315, 791, 860, 961, 209, 489, 153, 225, 918, 909, 578, 798, 551, 546, 96, 365, 367, 645, 0, 634, 90, 326],
[549, 14, 366, 995, 331, 161, 979, 772, 108, 227, 906, 568, 787, 65, 983, 449, 343, 558, 764, 203, 938, 312, 164, 844, 315, 450, 538, 409, 237, 589, 547, 93, 159, 485, 481, 874, 868, 278, 816, 866, 642, 492, 933, 175, 678, 326, 573, 967, 467, 945, 965, 556, 246, 737, 881, 22, 637, 624, 31, 134, 426, 833, 438, 35, 357, 433, 992, 475, 777, 303, 40, 188, 77, 162, 21, 190, 948, 148, 59, 413, 804, 337, 739, 279, 642, 539, 88, 410, 873, 205, 970, 952, 203, 741, 868, 50, 628, 238, 596, 443, 46, 712, 326, 595, 987, 756, 768, 231, 908, 87, 723, 529, 169, 559, 982, 576, 634, 0, 861, 396],
[665, 931, 729, 970, 861, 167, 464, 361, 941, 619, 274, 975, 421, 861, 522, 272, 870, 615, 955, 96, 100, 274, 122, 737, 378, 606, 702, 889, 184, 439, 606, 1000, 903, 979, 758, 624, 990, 545, 573, 426, 143, 343, 430, 295, 762, 996, 307, 385, 989, 986, 398, 564, 193, 368, 447, 748, 79, 260, 742, 770, 607, 512, 595, 643, 804, 475, 874, 188, 905, 397, 291, 806, 937, 719, 210, 997, 415, 761, 463, 68, 845, 837, 330, 15, 233, 537, 863, 53, 428, 352, 996, 337, 231, 842, 947, 152, 164, 403, 63, 232, 911, 851, 847, 812, 58, 140, 853, 491, 408, 421, 366, 58, 334, 456, 34, 209, 90, 861, 0, 142],
[926, 25, 211, 179, 713, 987, 603, 135, 79, 322, 83, 108, 889, 743, 880, 636, 611, 994, 448, 315, 348, 943, 456, 410, 91, 682, 963, 681, 673, 952, 451, 149, 692, 418, 842, 210, 782, 591, 175, 259, 609, 136, 145, 493, 561, 979, 78, 137, 483, 915, 927, 832, 281, 934, 849, 992, 158, 227, 119, 419, 18, 58, 591, 429, 267, 574, 828, 793, 925, 28, 472, 82, 180, 443, 569, 450, 479, 141, 563, 382, 660, 901, 266, 535, 894, 921, 516, 742, 226, 869, 38, 213, 544, 440, 696, 444, 670, 476, 709, 626, 267, 957, 173, 771, 741, 112, 696, 217, 841, 576, 739, 945, 656, 344, 351, 571, 326, 396, 142, 0]
