[0, 580, 254, 492, 336, 553, 662, 288, 173, 413, 846, 173, 135, 673, 961, 236, 382, 51, 836, 516, 705, 141, 630, 359, 183, 589, 953, 180, 159, 893, 285, 454, 429, 522, 935, 821, 543, 430, 941, 854, 263, 390, 374, 524, 132, 896, 293, 595, 317, 497, 523, 956, 217, 759, 769, 324, 174, 79, 66, 818, 836, 449, 284, 648, 144, 111, 909, 100, 176, 508, 544, 157, 254, 929, 276, 527, 584, 259, 958, 420, 19, 401, 594, 468, 630, 61, 790, 665, 32, 276, 105, 930, 633, 199, 483, 246, 775, 321, 144, 544, 123, 493, 812, 76, 628, 404, 778, 990, 305, 304],
[580, 0, 520, 205, 91, 342, 275, 222, 877, 777, 548, 584, 772, 25, 458, 481, 688, 748, 594, 28, 795, 667, 406, 914, 673, 69, 157, 203, 898, 287, 416, 405, 142, 531, 871, 38, 198, 85, 579, 728, 306, 165, 799, 640, 940, 981, 104, 456, 956, 560, 625, 457, 623, 358, 592, 727, 34, 75, 168, 522, 657, 970, 708, 370, 189, 159, 10, 238, 339, 80, 329, 361, 12, 545, 496, 739, 313, 410, 196, 868, 951, 358, 878, 702, 965, 537, 229, 449, 454, 743, 820, 506, 698, 307, 372, 465, 152, 708, 34, 81, 488, 72, 157, 600, 378, 592, 694, 476, 722, 972],
[254, 520, 0, 588, 916, 242, 703, 382, 909, 550, 923, 19, 435, 205, 109, 989, 900, 838, 476, 771, 123, 918, 895, 22, 540, 986, 609, 268, 693, 393, 210, 540, 179, 987, 87, 195, 632, 859, 404, 529, 525, 956, 362, 502, 272, 561, 821, 452, 926, 305, 56, 532, 980, 976, 800, 799, 173, 927, 787, 780, 460, 829, 678, 986, 673, 245, 973, 410, 537, 452, 195, 886, 778, 872, 28, 944, 706, 548, 824, 441, 179, 844, 37, 356, 334, 372, 852, 623, 88, 953, 221, 36, 686, 427, 382, 16, 32, 465, 106, 540, 307, 772, 141, 107, 891, 22, 772, 919, 421, 243],
[492, 205, 588, 0, 78, 922, 400, 444, 838, 688, 296, 219, 52, 894, 24, 187, 75, 902, 663, 482, 745, 754, 60, 367, 449, 159, 652, 114, 478, 648, 280, 841, 771, 210, 52, 355, 754, 271, 188, 906, 189, 559, 689, 729, 570, 598, 711, 978, 901, 907, 830, 53, 420, 742, 179, 442, 502, 652, 464, 953, 792, 492, 555, 766, 632, 145, 382, 519, 958, 280, 378, 632, 350, 89, 907, 957, 713, 615, 285, 959, 773, 68, 657, 565, 558, 810, 306, 813, 611, 941, 943, 813, 683, 775, 408, 283, 437, 450, 274, 486, 342, 352, 754, 943, 686, 297, 588, 118, 32, 495],
[336, 91, 916, 78, 0, 181, 387, 859, 998, 79, 359, 712, 800, 569, 903, 819, 989, 997, 598, 665, 793, 184, 358, 119, 378, 445, 856, 421, 794, 368, 47, 201, 942, 707, 587, 678, 578, 604, 56, 216, 835, 308, 716, 479, 250, 877, 352, 628, 887, 421, 93, 994, 130, 826, 577, 533, 408, 838, 717, 985, 627, 265, 865, 757, 348, 804, 142, 841, 189, 904, 780, 668, 632, 411, 767, 119, 953, 547, 65, 985, 640, 603, 426, 116, 828, 666, 269, 101, 562, 244, 509, 644, 429, 725, 91, 771, 934, 42, 176, 399, 410, 476, 788, 968, 581, 212, 403, 258, 779, 821],
[553, 342, 242, 922, 181, 0, 134, 12, 891, 519, 896, 12, 831, 700, 733, 741, 611, 882, 306, 946, 290, 643, 375, 700, 603, 469, 433, 611, 498, 535, 389, 222, 462, 596, 413, 516, 910, 987, 955, 118, 84, 86, 304, 148, 92, 709, 887, 17, 575, 191, 664, 894, 925, 437, 498, 36, 458, 754, 256, 36, 30, 428, 18, 207, 370, 819, 274, 983, 188, 438, 33, 540, 639, 759, 502, 200, 23, 966, 727, 873, 211, 516, 500, 578, 586, 103, 772, 223, 593, 583, 453, 946, 690, 270, 948, 509, 827, 301, 421, 441, 418, 705, 184, 283, 847, 198, 572, 457, 378, 999],
[662, 275, 703, 400, 387, 134, 0, 601, 132, 791, 346, 883, 100, 636, 552, 559, 607, 836, 248, 313, 166, 155, 546, 871, 42, 167, 243, 356, 110, 401, 679, 442, 258, 678, 64, 154, 783, 259, 39, 914, 509, 792, 998, 332, 352, 986, 107, 278, 723, 107, 658, 12, 829, 390, 665, 631, 375, 104, 758, 302, 791, 338, 430, 217, 722, 119, 737, 215, 223, 235, 916, 154, 813, 364, 282, 400, 87, 650, 324, 926, 954, 848, 895, 907, 884, 69, 368, 29, 485, 19, 641, 734, 150, 161, 396, 803, 374, 420, 158, 810, 859, 163, 467, 129, 343, 599, 13, 979, 138, 432],
[288, 222, 382, 444, 859, 12, 601, 0, 614, 424, 214, 42, 882, 109, 261, 63, 828, 142, 990, 981, 62, 268, 603, 787, 137, 450, 35, 352, 207, 383, 957, 363, 241, 767, 475, 310, 265, 975, 83, 419, 394, 790, 756, 171, 135, 169, 396, 806, 997, 753, 526, 940, 693, 282, 439, 294, 344, 563, 244, 737, 21, 439, 187, 532, 723, 52, 188, 623, 483, 286, 14, 701, 714, 679, 644, 565, 641, 510, 999, 704, 752, 889, 275, 10, 535, 611, 245, 932, 21, 610, 407, 286, 763, 964, 310, 247, 436, 393, 626, 537, 80, 556, 425, 659, 811, 409, 419, 111, 553, 130],
[173, 877, 909, 838, 998, 891, 132, 614, 0, 954, 731, 850, 521, 66, 214, 924, 321, 422, 641, 758, 721, 997, 428, 21, 160, 820, 59, 838, 591, 844, 133, 520, 278, 217, 75, 989, 782, 126, 986, 837, 877, 472, 97, 300, 408, 342, 868, 513, 320, 781, 536, 301, 40, 401, 688, 510, 789, 131, 780, 692, 889, 387, 752, 293, 171, 528, 110, 516, 86, 987, 305, 961, 893, 944, 762, 423, 174, 382, 372, 398, 485, 639, 648, 582, 757, 505, 282, 150, 875, 927, 79, 793, 111, 38, 178, 860, 233, 911, 766, 135, 363, 83, 411, 511, 222, 750, 464, 736, 17, 384],
[413, 777, 550, 688, 79, 519, 791, 424, 954, 0, 372, 733, 411, 647, 815, 263, 217, 383, 190, 379, 302, 653, 618, 112, 524, 676, 207, 259, 971, 789, 64, 390, 942, 684, 311, 105, 128, 500, 262, 257, 931, 304, 245, 463, 260, 734, 788, 841, 577, 961, 33, 742, 607, 451, 917, 515, 721, 986, 797, 201, 555, 502, 615, 783, 489, 642, 130, 995, 315, 524, 510, 995, 678, 430, 133, 224, 256, 176, 656, 628, 197, 753, 602, 56, 115, 581, 582, 592, 69, 878, 555, 340, 784, 976, 718, 298, 759, 168, 453, 299, 578, 626, 897, 224, 567, 228, 236, 931, 90, 745],
[846, 548, 923, 296, 359, 896, 346, 214, 731, 372, 0, 885, 191, 629, 768, 650, 286, 825, 187, 83, 236, 923, 721, 820, 131, 357, 816, 371, 41, 554, 205, 841, 832, 313, 637, 553, 408, 53, 481, 637, 681, 998, 380, 479, 685, 281, 778, 430, 386, 660, 669, 460, 711, 835, 586, 622, 401, 939, 50, 666, 609, 136, 139, 81, 200, 653, 263, 49, 822, 859, 840, 608, 334, 811, 620, 394, 890, 284, 649, 961, 144, 607, 168, 417, 174, 768, 792, 504, 883, 595, 244, 783, 352, 700, 657, 492, 836, 399, 61, 883, 357, 832, 963, 798, 121, 238, 868, 200, 66, 754],
[173, 584, 19, 219, 712, 12, 883, 42, 850, 733, 885, 0, 199, 620, 590, 76, 79, 306, 427, 281, 287, 489, 849, 642, 569, 385, 544, 493, 214, 428, 165, 994, 388, 694, 813, 444, 709, 602, 569, 58, 17, 754, 296, 634, 442, 744, 784, 891, 272, 814, 857, 1000, 927, 484, 581, 249, 841, 348, 555, 258, 876, 459, 471, 590, 210, 448, 750, 449, 688, 268, 678, 542, 118, 994, 516, 135, 695, 958, 885, 794, 18, 932, 148, 526, 630, 265, 336, 927, 744, 885, 731, 796, 582, 918, 892, 521, 965, 90, 126, 135, 322, 986, 627, 405, 207, 567, 613, 376, 32, 827],
[135, 772, 435, 52, 800, 831, 100, 882, 521, 411, 191, 199, 0, 51, 102, 883, 594, 273, 858, 261, 308, 332, 563, 966, 179, 960, 970, 680, 263, 249, 804, 335, 611, 358, 531, 50, 459, 178, 767, 461, 761, 87, 955, 709, 470, 384, 66, 855, 217, 842, 616, 404, 601, 531, 401, 631, 552, 536, 917, 990, 270, 783, 492, 595, 114, 483, 872, 373, 21, 399, 73, 159, 634, 768, 242, 667, 849, 169, 457, 394, 910, 597, 920, 238, 687, 552, 495, 964, 125, 261, 295, 582, 682, 525, 878, 677, 836, 838, 281, 807, 962, 447, 817, 222, 752, 696, 470, 207, 237, 267],
[673, 25, 205, 894, 569, 700, 636, 109, 66, 647, 629, 620, 51, 0, 102, 969, 418, 878, 601, 360, 353, 475, 597, 473, 113, 412, 313, 917, 457, 746, 882, 181, 523, 273, 617, 408, 867, 581, 334, 578, 576, 27, 59, 922, 725, 174, 406, 115, 74, 734, 614, 867, 71, 50, 703, 411, 638, 53, 620, 718, 987, 501, 427, 336, 738, 52, 147, 578, 537, 518, 959, 548, 474, 61, 17, 317, 925, 884, 102, 779, 91, 590, 799, 711, 319, 693, 216, 616, 757, 476, 294, 717, 939, 938, 980, 57, 222, 794, 876, 733, 165, 141, 822, 626, 676, 179, 646, 856, 248, 58],
[961, 458, 109, 24, 903, 733, 552, 261, 214, 815, 768, 590, 102, 102, 0, 760, 972, 165, 467, 192, 861, 609, 718, 783, 114, 536, 297, 863, 472, 941, 131, 894, 920, 328, 430, 656, 802, 111, 785, 251, 236, 180, 175, 174, 990, 406, 275, 787, 430, 983, 46, 917, 397, 609, 434, 657, 786, 554, 184, 412, 997, 415, 302, 716, 16, 123, 851, 504, 77, 472, 996, 680, 271, 655, 548, 706, 428, 817, 120, 959, 192, 37, 543, 845, 659, 965, 36, 400, 243, 426, 823, 233, 574, 999, 186, 945, 382, 102, 15, 98, 448, 677, 494, 472, 735, 450, 709, 436, 589, 153],
[236, 481, 989, 187, 819, 741, 559, 63, 924, 263, 650, 76, 883, 969, 760, 0, 929, 678, 138, 740, 40, 50, 227, 81, 49, 121, 872, 478, 939, 234, 971, 900, 807, 946, 435, 594, 284, 949, 648, 47, 873, 838, 345, 566, 394, 831, 844, 465, 454, 745, 453, 501, 275, 898, 691, 569, 599, 289, 927, 652, 133, 835, 402, 644, 756, 615, 673, 987, 90, 313, 204, 110, 146, 633, 956, 988, 841, 783, 658, 651, 547, 933, 345, 471, 341, 353, 802, 525, 372, 284, 527, 241, 842, 277, 744, 112, 551, 623, 537, 856, 998, 829, 193, 456, 423, 948, 919, 771, 329, 245],
[382, 688, 900, 75, 989, 611, 607, 828, 321, 217, 286, 79, 594, 418, 972, 929, 0, 302, 576, 13, 972, 191, 351, 10, 50, 471, 613, 618, 773, 415, 242, 276, 965, 787, 830, 938, 358, 88, 495, 69, 910, 807, 243, 711, 744, 976, 952, 505, 98, 784, 279, 169, 595, 434, 533, 247, 368, 209, 25, 749, 279, 604, 116, 364, 197, 456, 356, 284, 606, 171, 80, 669, 147, 101, 743, 761, 438, 297, 786, 798, 613, 54, 802, 739, 751, 896, 349, 361, 437, 729, 619, 223, 948, 863, 106, 125, 362, 1000, 567, 560, 612, 899, 808, 997, 509, 767, 786, 866, 209, 666],
[51, 748, 838, 902, 997, 882, 836, 142, 422, 383, 825, 306, 273, 878, 165, 678, 302, 0, 438, 78, 565, 928, 510, 79, 191, 742, 791, 131, 380, 675, 899, 983, 609, 782, 404, 841, 145, 67, 192, 645, 994, 501, 804, 339, 527, 884, 440, 594, 90, 282, 405, 869, 536, 61, 931, 186, 867, 112, 742, 336, 451, 448, 565, 265, 478, 50, 921, 377, 755, 396, 40, 962, 65, 661, 239, 192, 879, 538, 747, 836, 601, 756, 646, 889, 795, 414, 489, 697, 641, 896, 325, 547, 956, 332, 706, 362, 115, 326, 474, 630, 21, 848, 309, 197, 606, 922, 687, 233, 815, 667],
[836, 594, 476, 663, 598, 306, 248, 990, 641, 190, 187, 427, 858, 601, 467, 138, 576, 438, 0, 21, 782, 771, 963, 553, 398, 23, 80, 796, 704, 541, 787, 696, 946, 185, 353, 431, 404, 637, 869, 786, 709, 167, 866, 432, 725, 77, 346, 240, 864, 100, 666, 521, 904, 169, 972, 503, 259, 887, 101, 486, 743, 436, 345, 479, 911, 601, 555, 749, 652, 897, 233, 908, 880, 116, 342, 441, 681, 819, 935, 595, 295, 346, 264, 679, 609, 247, 406, 70, 100, 837, 355, 819, 200, 843, 672, 972, 643, 950, 823, 895, 646, 73, 268, 594, 459, 335, 356, 372, 61, 933],
[516, 28, 771, 482, 665, 946, 313, 981, 758, 379, 83, 281, 261, 360, 192, 740, 13, 78, 21, 0, 976, 392, 496, 649, 68, 842, 46, 95, 924, 599, 360, 969, 959, 755, 703, 761, 436, 138, 252, 148, 645, 877, 554, 296, 577, 397, 776, 566, 875, 802, 528, 970, 380, 220, 744, 254, 525, 870, 520, 617, 542, 942, 149, 388, 487, 868, 640, 757, 762, 654, 709, 850, 280, 543, 962, 957, 292, 24, 459, 333, 316, 255, 492, 797, 81, 259, 373, 749, 858, 510, 385, 744, 213, 303, 167, 57, 168, 857, 877, 211, 287, 939, 983, 824, 767, 414, 543, 704, 945, 209],
[705, 795, 123, 745, 793, 290, 166, 62, 721, 302, 236, 287, 308, 353, 861, 40, 972, 565, 782, 976, 0, 428, 930, 699, 449, 249, 574, 756, 798, 647, 937, 581, 913, 980, 189, 535, 629, 512, 432, 99, 98, 243, 806, 807, 161, 822, 903, 140, 157, 210, 788, 877, 558, 669, 716, 29, 941, 350, 119, 85, 948, 659, 456, 54, 54, 359, 235, 256, 331, 202, 291, 277, 73, 909, 727, 233, 164, 535, 676, 350, 189, 600, 587, 580, 479, 604, 197, 56, 590, 558, 598, 242, 164, 71, 498, 590, 218, 349, 759, 192, 715, 31, 613, 304, 743, 709, 156, 257, 471, 512],
[141, 667, 918, 754, 184, 643, 155, 268, 997, 653, 923, 489, 332, 475, 609, 50, 191, 928, 771, 392, 428, 0, 619, 388, 998, 542, 344, 806, 696, 483, 48, 153, 774, 855, 437, 384, 275, 288, 889, 742, 699, 941, 819, 439, 737, 217, 910, 932, 633, 865, 117, 962, 724, 306, 843, 448, 576, 911, 438, 700, 779, 977, 209, 707, 23, 415, 570, 361, 643, 370, 542, 38, 255, 992, 524, 666, 716, 606, 449, 273, 391, 108, 622, 40, 219, 612, 255, 623, 12, 931, 322, 783, 191, 345, 824, 486, 824, 46, 256, 810, 839, 415, 829, 165, 275, 446, 564, 376, 425, 495],
[630, 406, 895, 60, 358, 375, 546, 603, 428, 618, 721, 849, 563, 597, 718, 227, 351, 510, 963, 496, 930, 619, 0, 470, 461, 67, 899, 569, 939, 332, 731, 404, 944, 988, 822, 371, 745, 17, 947, 92, 14, 884, 58, 100, 249, 252, 93, 784, 37, 977, 571, 939, 760, 610, 556, 332, 151, 926, 599, 239, 209, 14, 551, 766, 762, 153, 47, 789, 179, 332, 595, 686, 609, 420, 29, 628, 313, 918, 885, 931, 351, 212, 268, 687, 791, 28, 473, 362, 876, 421, 639, 217, 659, 456, 114, 334, 664, 15, 546, 727, 277, 222, 310, 26, 482, 74, 159, 788, 144, 755],
[359, 914, 22, 367, 119, 700, 871, 787, 21, 112, 820, 642, 966, 473, 783, 81, 10, 79, 553, 649, 699, 388, 470, 0, 105, 538, 625, 547, 169, 189, 295, 152, 796, 508, 944, 785, 959, 266, 567, 663, 782, 597, 191, 309, 364, 584, 869, 602, 531, 211, 289, 423, 643, 515, 773, 628, 917, 200, 700, 940, 822, 525, 41, 805, 698, 832, 304, 666, 267, 578, 214, 70, 264, 576, 931, 358, 670, 891, 416, 745, 33, 853, 189, 363, 358, 813, 456, 199, 674, 447, 141, 762, 792, 227, 512, 184, 504, 439, 274, 794, 507, 881, 837, 24, 104, 697, 115, 99, 897, 144],
[183, 673, 540, 449, 378, 603, 42, 137, 160, 524, 131, 569, 179, 113, 114, 49, 50, 191, 398, 68, 449, 998, 461, 105, 0, 491, 825, 812, 935, 483, 339, 557, 738, 31, 884, 581, 43, 516, 102, 467, 396, 664, 99, 688, 139, 114, 29, 183, 447, 992, 117, 928, 393, 567, 832, 694, 151, 913, 459, 890, 566, 855, 604, 296, 111, 539, 76, 279, 388, 588, 943, 81, 658, 729, 150, 882, 753, 179, 326, 274, 806, 766, 755, 145, 457, 378, 420, 105, 597, 517, 846, 141, 865, 86, 310, 643, 386, 581, 868, 864, 609, 95, 963, 311, 428, 495, 830, 179, 267, 841],
[589, 69, 986, 159, 445, 469, 167, 450, 820, 676, 357, 385, 960, 412, 536, 121, 471, 742, 23, 842, 249, 542, 67, 538, 491, 0, 457, 464, 241, 892, 399, 998, 762, 961, 284, 121, 515, 677, 265, 295, 969, 28, 538, 831, 649, 217, 218, 727, 904, 225, 997, 405, 457, 790, 978, 515, 431, 256, 884, 14, 755, 990, 479, 583, 396, 335, 995, 336, 38, 640, 986, 306, 224, 957, 796, 676, 969, 381, 77, 360, 312, 76, 330, 312, 316, 168, 996, 141, 199, 350, 97, 406, 804, 844, 45, 454, 230, 976, 769, 212, 145, 108, 970, 635, 288, 634, 924, 823, 159, 313],
[953, 157, 609, 652, 856, 433, 243, 35, 59, 207, 816, 544, 970, 313, 297, 872, 613, 791, 80, 46, 574, 344, 899, 625, 825, 457, 0, 200, 210, 21, 36, 396, 422, 767, 616, 942, 827, 267, 17, 79, 436, 489, 220, 180, 78, 175, 184, 276, 635, 236, 386, 113, 861, 536, 235, 16, 868, 793, 462, 585, 625, 439, 581, 856, 106, 769, 791, 411, 126, 839, 482, 602, 674, 434, 261, 807, 116, 776, 744, 794, 886, 458, 395, 725, 449, 552, 381, 834, 455, 266, 527, 906, 475, 694, 499, 312, 706, 170, 848, 633, 263, 512, 251, 127, 882, 213, 353, 645, 362, 444],
[180, 203, 268, 114, 421, 611, 356, 352, 838, 259, 371, 493, 680, 917, 863, 478, 618, 131, 796, 95, 756, 806, 569, 547, 812, 464, 200, 0, 459, 104, 534, 912, 523, 132, 486, 462, 693, 732, 543, 239, 570, 434, 897, 317, 600, 10, 435, 313, 319, 380, 750, 679, 819, 399, 491, 485, 104, 429, 103, 174, 970, 734, 45, 648, 525, 720, 333, 628, 151, 538, 742, 987, 425, 417, 863, 31, 584, 456, 10, 748, 943, 422, 948, 949, 666, 642, 479, 392, 210, 851, 579, 479, 928, 868, 365, 91, 685, 772, 660, 296, 493, 141, 851, 394, 230, 82, 240, 441, 101, 687],
[159, 898, 693, 478, 794, 498, 110, 207, 591, 971, 41, 214, 263, 457, 472, 939, 773, 380, 704, 924, 798, 696, 939, 169, 935, 241, 210, 459, 0, 894, 995, 239, 901, 366, 345, 291, 444, 976, 629, 674, 850, 232, 942, 736, 118, 255, 655, 528, 792, 704, 771, 863, 185, 18, 215, 585, 246, 295, 205, 688, 155, 342, 955, 339, 316, 412, 390, 385, 944, 264, 185, 151, 852, 817, 730, 564, 926, 90, 651, 91, 502, 152, 998, 705, 492, 917, 931, 170, 316, 94, 165, 849, 95, 614, 951, 734, 728, 829, 396, 794, 411, 437, 981, 744, 928, 992, 941, 81, 784, 755],
[893, 287, 393, 648, 368, 535, 401, 383, 844, 789, 554, 428, 249, 746, 941, 234, 415, 675, 541, 599, 647, 483, 332, 189, 483, 892, 21, 104, 894, 0, 473, 652, 489, 474, 709, 786, 54, 199, 385, 812, 536, 576, 953, 582, 326, 348, 461, 85, 616, 334, 639, 647, 171, 271, 39, 342, 967, 913, 557, 910, 711, 743, 214, 250, 134, 790, 667, 125, 330, 662, 220, 146, 129, 317, 875, 980, 640, 351, 578, 436, 797, 148, 322, 51, 868, 409, 696, 56, 340, 565, 761, 507, 361, 279, 581, 954, 256, 499, 32, 257, 599, 334, 473, 611, 988, 511, 55, 354, 762, 61],
[285, 416, 210, 280, 47, 389, 679, 957, 133, 64, 205, 165, 804, 882, 131, 971, 242, 899, 787, 360, 937, 48, 731, 295, 339, 399, 36, 534, 995, 473, 0, 321, 729, 888, 217, 307, 170, 761, 345, 74, 130, 713, 384, 319, 778, 637, 721, 570, 472, 106, 785, 12, 487, 979, 893, 170, 79, 817, 734, 88, 618, 853, 805, 803, 114, 797, 923, 618, 815, 602, 855, 607, 238, 847, 422, 149, 231, 256, 772, 379, 724, 726, 594, 854, 711, 174, 422, 428, 508, 303, 671, 332, 890, 889, 609, 330, 448, 461, 434, 444, 206, 638, 45, 690, 121, 738, 702, 740, 60, 13],
[454, 405, 540, 841, 201, 222, 442, 363, 520, 390, 841, 994, 335, 181, 894, 900, 276, 983, 696, 969, 581, 153, 404, 152, 557, 998, 396, 912, 239, 652, 321, 0, 405, 987, 582, 102, 454, 103, 557, 280, 48, 389, 358, 441, 351, 840, 75, 614, 90, 759, 876, 684, 210, 182, 422, 358, 929, 969, 241, 657, 275, 379, 861, 459, 183, 517, 802, 940, 738, 427, 306, 682, 717, 220, 236, 481, 139, 524, 100, 485, 101, 107, 727, 427, 315, 687, 386, 958, 162, 793, 922, 533, 25, 189, 708, 658, 492, 870, 549, 710, 767, 677, 241, 398, 53, 272, 564, 810, 773, 862],
[429, 142, 179, 771, 942, 462, 258, 241, 278, 942, 832, 388, 611, 523, 920, 807, 965, 609, 946, 959, 913, 774, 944, 796, 738, 762, 422, 523, 901, 489, 729, 405, 0, 592, 829, 921, 632, 426, 451, 497, 700, 168, 753, 141, 418, 450, 323, 554, 645, 536, 958, 237, 583, 840, 973, 507, 933, 522, 763, 146, 412, 283, 825, 371, 184, 837, 587, 642, 193, 787, 683, 71, 704, 322, 460, 213, 361, 508, 925, 585, 171, 98, 686, 833, 306, 700, 945, 422, 39, 854, 387, 583, 825, 416, 130, 319, 288, 17, 70, 764, 435, 565, 269, 200, 218, 974, 297, 284, 774, 481],
[522, 531, 987, 210, 707, 596, 678, 767, 217, 684, 313, 694, 358, 273, 328, 946, 787, 782, 185, 755, 980, 855, 988, 508, 31, 961, 767, 132, 366, 474, 888, 987, 592, 0, 643, 378, 485, 622, 643, 682, 122, 937, 147, 531, 590, 422, 688, 701, 287, 207, 783, 163, 713, 923, 671, 984, 302, 634, 138, 605, 653, 716, 666, 178, 70, 50, 513, 291, 51, 820, 817, 863, 842, 527, 183, 658, 597, 363, 959, 104, 457, 124, 610, 461, 338, 576, 124, 720, 45, 84, 874, 257, 834, 110, 571, 592, 162, 319, 837, 431, 180, 339, 630, 309, 684, 328, 476, 655, 577, 853],
[935, 871, 87, 52, 587, 413, 64, 475, 75, 311, 637, 813, 531, 617, 430, 435, 830, 404, 353, 703, 189, 437, 822, 944, 884, 284, 616, 486, 345, 709, 217, 582, 829, 643, 0, 12, 757, 284, 334, 252, 786, 441, 915, 899, 531, 884, 186, 551, 678, 656, 665, 102, 134, 411, 424, 423, 368, 922, 750, 622, 650, 635, 300, 639, 531, 844, 781, 211, 777, 63, 548, 282, 895, 268, 412, 550, 171, 746, 868, 791, 617, 162, 503, 106, 582, 283, 595, 645, 347, 787, 987, 481, 381, 496, 403, 136, 833, 384, 807, 316, 929, 562, 380, 382, 291, 481, 66, 981, 599, 686],
[821, 38, 195, 355, 678, 516, 154, 310, 989, 105, 553, 444, 50, 408, 656, 594, 938, 841, 431, 761, 535, 384, 371, 785, 581, 121, 942, 462, 291, 786, 307, 102, 921, 378, 12, 0, 457, 753, 852, 55, 239, 82, 429, 966, 366, 391, 441, 763, 931, 982, 826, 722, 292, 185, 552, 646, 606, 916, 140, 172, 597, 661, 386, 491, 94, 317, 911, 300, 921, 640, 819, 894, 672, 519, 785, 316, 911, 128, 621, 50, 166, 42, 977, 996, 488, 472, 726, 544, 675, 489, 243, 236, 339, 198, 287, 988, 755, 10, 946, 344, 728, 172, 965, 262, 294, 960, 441, 524, 305, 443],
[543, 198, 632, 754, 578, 910, 783, 265, 782, 128, 408, 709, 459, 867, 802, 284, 358, 145, 404, 436, 629, 275, 745, 959, 43, 515, 827, 693, 444, 54, 170, 454, 632, 485, 757, 457, 0, 828, 317, 445, 785, 167, 851, 965, 906, 952, 464, 788, 313, 119, 155, 531, 82, 82, 24, 678, 101, 239, 242, 235, 112, 547, 209, 408, 488, 193, 592, 549, 974, 228, 631, 810, 59, 218, 420, 34, 184, 445, 373, 836, 463, 881, 218, 14, 78, 508, 962, 62, 576, 213, 772, 862, 256, 931, 732, 819, 909, 423, 171, 633, 496, 472, 215, 957, 561, 183, 597, 499, 978, 686],
[430, 85, 859, 271, 604, 987, 259, 975, 126, 500, 53, 602, 178, 581, 111, 949, 88, 67, 637, 138, 512, 288, 17, 266, 516, 677, 267, 732, 976, 199, 761, 103, 426, 622, 284, 753, 828, 0, 508, 671, 291, 16, 156, 230, 454, 734, 216, 420, 543, 108, 560, 470, 123, 524, 627, 989, 478, 252, 341, 719, 491, 63, 99, 307, 821, 725, 854, 113, 748, 760, 47, 891, 183, 225, 752, 187, 333, 166, 113, 958, 35, 154, 17, 877, 44, 339, 742, 55, 211, 99, 559, 646, 255, 446, 49, 781, 319, 877, 259, 155, 17, 364, 864, 974, 340, 83, 277, 162, 582, 983],
[941, 579, 404, 188, 56, 955, 39, 83, 986, 262, 481, 569, 767, 334, 785, 648, 495, 192, 869, 252, 432, 889, 947, 567, 102, 265, 17, 543, 629, 385, 345, 557, 451, 643, 334, 852, 317, 508, 0, 261, 392, 380, 768, 774, 131, 405, 653, 237, 409, 254, 387, 29, 668, 25, 626, 346, 889, 393, 362, 775, 618, 684, 881, 607, 854, 331, 10, 774, 26, 837, 907, 622, 800, 202, 180, 94, 869, 787, 343, 904, 689, 782, 765, 73, 422, 629, 437, 966, 955, 994, 566, 631, 126, 222, 298, 570, 784, 904, 233, 496, 779, 671, 872, 314, 279, 708, 856, 701, 481, 670],
[854, 728, 529, 906, 216, 118, 914, 419, 837, 257, 637, 58, 461, 578, 251, 47, 69, 645, 786, 148, 99, 742, 92, 663, 467, 295, 79, 239, 674, 812, 74, 280, 497, 682, 252, 55, 445, 671, 261, 0, 698, 53, 660, 978, 895, 458, 828, 260, 323, 183, 981, 320, 588, 276, 382, 184, 988, 78, 342, 390, 331, 331, 924, 252, 956, 430, 991, 878, 254, 726, 782, 806, 684, 515, 85, 772, 96, 349, 160, 994, 84, 509, 947, 33, 910, 631, 670, 260, 990, 213, 440, 102, 791, 553, 758, 474, 530, 967, 267, 911, 458, 849, 376, 133, 570, 924, 726, 411, 481, 153],
[263, 306, 525, 189, 835, 84, 509, 394, 877, 931, 681, 17, 761, 576, 236, 873, 910, 994, 709, 645, 98, 699, 14, 782, 396, 969, 436, 570, 850, 536, 130, 48, 700, 122, 786, 239, 785, 291, 392, 698, 0, 659, 427, 938, 706, 650, 500, 166, 871, 740, 777, 202, 884, 537, 692, 167, 339, 557, 577, 870, 491, 934, 318, 957, 400, 931, 845, 490, 782, 427, 272, 118, 946, 421, 75, 714, 21, 389, 736, 91, 65, 296, 818, 504, 673, 589, 57, 416, 856, 906, 799, 170, 690, 65, 972, 757, 296, 947, 976, 310, 755, 109, 959, 730, 745, 291, 307, 157, 766, 516],
[390, 165, 956, 559, 308, 86, 792, 790, 472, 304, 998, 754, 87, 27, 180, 838, 807, 501, 167, 877, 243, 941, 884, 597, 664, 28, 489, 434, 232, 576, 713, 389, 168, 937, 441, 82, 167, 16, 380, 53, 659, 0, 20, 822, 421, 416, 125, 331, 254, 260, 971, 482, 10, 602, 438, 556, 847, 540, 374, 663, 894, 197, 92, 233, 622, 593, 276, 709, 600, 583, 23, 589, 856, 150, 441, 109, 346, 27, 310, 444, 867, 620, 569, 235, 802, 78, 99, 675, 85, 395, 530, 846, 243, 1000, 319, 12, 726, 35, 172, 909, 272, 756, 726, 735, 332, 512, 475, 710, 784, 303],
[374, 799, 362, 689, 716, 304, 998, 756, 97, 245, 380, 296, 955, 59, 175, 345, 243, 804, 866, 554, 806, 819, 58, 191, 99, 538, 220, 897, 942, 953, 384, 358, 753, 147, 915, 429, 851, 156, 768, 660, 427, 20, 0, 135, 928, 956, 253, 272, 503, 227, 478, 541, 22, 485, 137, 462, 985, 318, 177, 860, 928, 411, 954, 582, 98, 143, 640, 928, 329, 438, 67, 103, 396, 238, 558, 348, 846, 397, 807, 577, 798, 763, 686, 880, 224, 605, 111, 983, 97, 345, 39, 212, 496, 573, 907, 163, 870, 832, 45, 676, 27, 228, 634, 346, 257, 721, 290, 637, 402, 310],
[524, 640, 502, 729, 479, 148, 332, 171, 300, 463, 479, 634, 709, 922, 174, 566, 711, 339, 432, 296, 807, 439, 100, 309, 688, 831, 180, 317, 736, 582, 319, 441, 141, 531, 899, 966, 965, 230, 774, 978, 938, 822, 135, 0, 249, 632, 963, 412, 461, 704, 392, 509, 566, 77, 451, 802, 164, 807, 953, 382, 92, 612, 975, 891, 108, 625, 223, 384, 624, 702, 295, 954, 41, 35, 946, 394, 970, 85, 980, 619, 979, 853, 21, 203, 70, 394, 45, 428, 250, 440, 962, 608, 321, 542, 700, 539, 42, 307, 756, 690, 863, 693, 142, 970, 382, 794, 896, 408, 186, 75],
[132, 940, 272, 570, 250, 92, 352, 135, 408, 260, 685, 442, 470, 725, 990, 394, 744, 527, 725, 577, 161, 737, 249, 364, 139, 649, 78, 600, 118, 326, 778, 351, 418, 590, 531, 366, 906, 454, 131, 895, 706, 421, 928, 249, 0, 474, 933, 682, 826, 434, 893, 560, 724, 723, 207, 460, 838, 622, 195, 992, 920, 186, 963, 473, 534, 314, 807, 550, 778, 862, 367, 561, 105, 486, 847, 423, 247, 829, 843, 742, 490, 648, 900, 461, 141, 502, 649, 359, 98, 514, 944, 743, 924, 704, 52, 513, 861, 825, 472, 756, 212, 540, 66, 570, 870, 219, 563, 394, 25, 616],
[896, 981, 561, 598, 877, 709, 986, 169, 342, 734, 281, 744, 384, 174, 406, 831, 976, 884, 77, 397, 822, 217, 252, 584, 114, 217, 175, 10, 255, 348, 637, 840, 450, 422, 884, 391, 952, 734, 405, 458, 650, 416, 956, 632, 474, 0, 11, 339, 761, 178, 401, 921, 561, 840, 510, 84, 288, 146, 712, 336, 440, 186, 139, 258, 344, 742, 843, 82, 747, 138, 911, 159, 826, 222, 953, 805, 391, 808, 728, 908, 972, 664, 870, 335, 528, 39, 994, 269, 390, 488, 486, 531, 365, 132, 223, 575, 285, 741, 449, 573, 363, 415, 234, 782, 476, 685, 202, 494, 978, 830],
[293, 104, 821, 711, 352, 887, 107, 396, 868, 788, 778, 784, 66, 406, 275, 844, 952, 440, 346, 776, 903, 910, 93, 869, 29, 218, 184, 435, 655, 461, 721, 75, 323, 688, 186, 441, 464, 216, 653, 828, 500, 125, 253, 963, 933, 11, 0, 30, 146, 48, 393, 137, 576, 972, 954, 807, 892, 227, 557, 523, 606, 363, 412, 868, 646, 797, 752, 713, 594, 323, 38, 537, 521, 913, 445, 382, 570, 81, 130, 362, 751, 101, 210, 707, 322, 129, 545, 422, 501, 394, 395, 607, 85, 769, 788, 440, 400, 910, 259, 760, 193, 111, 541, 801, 701, 595, 159, 291, 352, 472],
[595, 456, 452, 978, 628, 17, 278, 806, 513, 841, 430, 891, 855, 115, 787, 465, 505, 594, 240, 566, 140, 932, 784, 602, 183, 727, 276, 313, 528, 85, 570, 614, 554, 701, 551, 763, 788, 420, 237, 260, 166, 331, 272, 412, 682, 339, 30, 0, 939, 509, 490, 299, 148, 762, 906, 333, 756, 68, 720, 849, 749, 397, 393, 51, 783, 180, 661, 325, 511, 75, 997, 650, 394, 823, 238, 47, 785, 982, 910, 596, 307, 133, 386, 991, 151, 561, 681, 245, 486, 161, 242, 77, 671, 860, 892, 527, 586, 885, 411, 485, 871, 744, 16, 456, 187, 378, 365, 883, 676, 710],
[317, 956, 926, 901, 887, 575, 723, 997, 320, 577, 386, 272, 217, 74, 430, 454, 98, 90, 864, 875, 157, 633, 37, 531, 447, 904, 635, 319, 792, 616, 472, 90, 645, 287, 678, 931, 313, 543, 409, 323, 871, 254, 503, 461, 826, 761, 146, 939, 0, 550, 942, 30, 442, 155, 197, 355, 721, 33, 379, 425, 856, 127, 10, 110, 674, 856, 131, 621, 894, 991, 152, 449, 186, 109, 605, 964, 593, 920, 912, 310, 904, 619, 981, 691, 115, 940, 804, 16, 727, 862, 673, 496, 251, 257, 448, 112, 294, 343, 478, 929, 274, 531, 610, 760, 115, 714, 274, 145, 611, 328],
[497, 560, 305, 907, 421, 191, 107, 753, 781, 961, 660, 814, 842, 734, 983, 745, 784, 282, 100, 802, 210, 865, 977, 211, 992, 225, 236, 380, 704, 334, 106, 759, 536, 207, 656, 982, 119, 108, 254, 183, 740, 260, 227, 704, 434, 178, 48, 509, 550, 0, 923, 403, 346, 353, 437, 434, 359, 246, 830, 983, 540, 422, 865, 296, 837, 803, 561, 433, 895, 584, 568, 713, 912, 419, 906, 370, 996, 637, 240, 216, 516, 229, 544, 92, 891, 293, 226, 454, 665, 347, 635, 160, 401, 260, 408, 132, 19, 127, 63, 778, 638, 283, 899, 500, 829, 363, 441, 503, 211, 793],
[523, 625, 56, 830, 93, 664, 658, 526, 536, 33, 669, 857, 616, 614, 46, 453, 279, 405, 666, 528, 788, 117, 571, 289, 117, 997, 386, 750, 771, 639, 785, 876, 958, 783, 665, 826, 155, 560, 387, 981, 777, 971, 478, 392, 893, 401, 393, 490, 942, 923, 0, 263, 915, 699, 806, 760, 102, 543, 404, 216, 215, 811, 146, 506, 780, 603, 445, 31, 286, 623, 767, 964, 237, 776, 195, 869, 84, 113, 351, 139, 175, 573, 329, 829, 858, 122, 543, 326, 194, 656, 462, 560, 529, 299, 856, 410, 569, 561, 576, 823, 212, 388, 332, 395, 528, 211, 247, 28, 459, 601],
[956, 457, 532, 53, 994, 894, 12, 940, 301, 742, 460, 1000, 404, 867, 917, 501, 169, 869, 521, 970, 877, 962, 939, 423, 928, 405, 113, 679, 863, 647, 12, 684, 237, 163, 102, 722, 531, 470, 29, 320, 202, 482, 541, 509, 560, 921, 137, 299, 30, 403, 263, 0, 611, 391, 623, 855, 712, 816, 171, 957, 535, 757, 632, 169, 494, 675, 718, 205, 188, 273, 118, 989, 630, 15, 48, 910, 494, 251, 822, 48, 637, 233, 379, 419, 39, 970, 397, 62, 229, 469, 346, 321, 313, 883, 454, 109, 251, 737, 72, 393, 298, 686, 745, 379, 676, 462, 40, 852, 172, 583],
[217, 623, 980, 420, 130, 925, 829, 693, 40, 607, 711, 927, 601, 71, 397, 275, 595, 536, 904, 380, 558, 724, 760, 643, 393, 457, 861, 819, 185, 171, 487, 210, 583, 713, 134, 292, 82, 123, 668, 588, 884, 10, 22, 566, 724, 561, 576, 148, 442, 346, 915, 611, 0, 284, 549, 244, 482, 390, 490, 856, 149, 81, 465, 741, 960, 158, 976, 141, 603, 334, 173, 605, 744, 961, 777, 153, 300, 913, 279, 24, 972, 176, 432, 112, 935, 477, 327, 71, 426, 312, 781, 264, 822, 219, 568, 456, 371, 117, 909, 669, 541, 396, 661, 818, 56, 792, 914, 849, 274, 261],
[759, 358, 976, 742, 826, 437, 390, 282, 401, 451, 835, 484, 531, 50, 609, 898, 434, 61, 169, 220, 669, 306, 610, 515, 567, 790, 536, 399, 18, 271, 979, 182, 840, 923, 411, 185, 82, 524, 25, 276, 537, 602, 485, 77, 723, 840, 972, 762, 155, 353, 699, 391, 284, 0, 141, 160, 950, 404, 534, 1000, 289, 843, 983, 841, 721, 820, 682, 612, 983, 727, 465, 265, 987, 548, 401, 210, 637, 38, 810, 936, 659, 871, 944, 834, 974, 567, 299, 249, 93, 467, 170, 197, 545, 588, 27, 65, 321, 369, 203, 730, 785, 419, 115, 934, 289, 39, 28, 541, 471, 409],
[769, 592, 800, 179, 577, 498, 665, 439, 688, 917, 586, 581, 401, 703, 434, 691, 533, 931, 972, 744, 716, 843, 556, 773, 832, 978, 235, 491, 215, 39, 893, 422, 973, 671, 424, 552, 24, 627, 626, 382, 692, 438, 137, 451, 207, 510, 954, 906, 197, 437, 806, 623, 549, 141, 0, 972, 111, 936, 596, 979, 809, 785, 223, 582, 490, 887, 149, 538, 156, 480, 780, 232, 544, 740, 817, 837, 167, 806, 920, 737, 799, 190, 542, 825, 593, 686, 326, 451, 620, 466, 550, 956, 902, 711, 345, 414, 769, 698, 85, 28, 653, 816, 578, 775, 251, 83, 333, 889, 863, 482],
[324, 727, 799, 442, 533, 36, 631, 294, 510, 515, 622, 249, 631, 411, 657, 569, 247, 186, 503, 254, 29, 448, 332, 628, 694, 515, 16, 485, 585, 342, 170, 358, 507, 984, 423, 646, 678, 989, 346, 184, 167, 556, 462, 802, 460, 84, 807, 333, 355, 434, 760, 855, 244, 160, 972, 0, 540, 158, 126, 490, 479, 216, 645, 552, 672, 341, 984, 527, 130, 544, 543, 323, 614, 692, 900, 186, 25, 594, 480, 316, 358, 705, 61, 98, 69, 435, 57, 79, 250, 27, 16, 910, 864, 940, 38, 204, 407, 636, 868, 49, 891, 97, 846, 73, 965, 644, 563, 621, 875, 578],
[174, 34, 173, 502, 408, 458, 375, 344, 789, 721, 401, 841, 552, 638, 786, 599, 368, 867, 259, 525, 941, 576, 151, 917, 151, 431, 868, 104, 246, 967, 79, 929, 933, 302, 368, 606, 101, 478, 889, 988, 339, 847, 985, 164, 838, 288, 892, 756, 721, 359, 102, 712, 482, 950, 111, 540, 0, 115, 318, 429, 240, 672, 261, 356, 35, 618, 356, 173, 680, 354, 179, 221, 92, 270, 22, 106, 334, 716, 939, 298, 189, 782, 836, 121, 834, 535, 356, 384, 761, 75, 496, 326, 70, 847, 976, 587, 538, 848, 556, 800, 289, 940, 89, 91, 148, 423, 680, 281, 822, 469],
[79, 75, 927, 652, 838, 754, 104, 563, 131, 986, 939, 348, 536, 53, 554, 289, 209, 112, 887, 870, 350, 911, 926, 200, 913, 256, 793, 429, 295, 913, 817, 969, 522, 634, 922, 916, 239, 252, 393, 78, 557, 540, 318, 807, 622, 146, 227, 68, 33, 246, 543, 816, 390, 404, 936, 158, 115, 0, 795, 357, 928, 303, 196, 13, 727, 267, 685, 837, 730, 321, 99, 315, 923, 794, 492, 146, 593, 382, 379, 409, 997, 945, 807, 939, 849, 713, 160, 659, 638, 952, 263, 489, 947, 556, 960, 685, 809, 327, 678, 852, 629, 222, 71, 556, 653, 287, 187, 658, 843, 311],
[66, 168, 787, 464, 717, 256, 758, 244, 780, 797, 50, 555, 917, 620, 184, 927, 25, 742, 101, 520, 119, 438, 599, 700, 459, 884, 462, 103, 205, 557, 734, 241, 763, 138, 750, 140, 242, 341, 362, 342, 577, 374, 177, 953, 195, 712, 557, 720, 379, 830, 404, 171, 490, 534, 596, 126, 318, 795, 0, 619, 739, 990, 913, 74, 376, 366, 630, 287, 698, 599, 228, 471, 843, 534, 329, 598, 280, 72, 831, 868, 381, 45, 875, 139, 755, 393, 463, 962, 563, 980, 884, 872, 73, 229, 755, 949, 75, 642, 992, 1000, 432, 926, 65, 693, 574, 440, 182, 531, 206, 793],
[818, 522, 780, 953, 985, 36, 302, 737, 692, 201, 666, 258, 990, 718, 412, 652, 749, 336, 486, 617, 85, 700, 239, 940, 890, 14, 585, 174, 688, 910, 88, 657, 146, 605, 622, 172, 235, 719, 775, 390, 870, 663, 860, 382, 992, 336, 523, 849, 425, 983, 216, 957, 856, 1000, 979, 490, 429, 357, 619, 0, 861, 817, 605, 111, 916, 913, 800, 641, 249, 124, 30, 195, 662, 514, 485, 808, 223, 472, 788, 824, 462, 977, 643, 704, 986, 57, 919, 168, 37, 27, 760, 958, 736, 386, 907, 697, 262, 501, 779, 16, 272, 963, 550, 76, 700, 46, 423, 240, 330, 526],
[836, 657, 460, 792, 627, 30, 791, 21, 889, 555, 609, 876, 270, 987, 997, 133, 279, 451, 743, 542, 948, 779, 209, 822, 566, 755, 625, 970, 155, 711, 618, 275, 412, 653, 650, 597, 112, 491, 618, 331, 491, 894, 928, 92, 920, 440, 606, 749, 856, 540, 215, 535, 149, 289, 809, 479, 240, 928, 739, 861, 0, 467, 733, 480, 779, 597, 508, 179, 457, 565, 759, 597, 865, 104, 922, 302, 404, 762, 109, 12, 756, 203, 162, 186, 531, 533, 724, 131, 671, 648, 179, 227, 120, 904, 983, 701, 385, 245, 800, 213, 540, 834, 563, 90, 719, 728, 782, 762, 416, 135],
[449, 970, 829, 492, 265, 428, 338, 439, 387, 502, 136, 459, 783, 501, 415, 835, 604, 448, 436, 942, 659, 977, 14, 525, 855, 990, 439, 734, 342, 743, 853, 379, 283, 716, 635, 661, 547, 63, 684, 331, 934, 197, 411, 612, 186, 186, 363, 397, 127, 422, 811, 757, 81, 843, 785, 216, 672, 303, 990, 817, 467, 0, 612, 264, 30, 35, 491, 792, 175, 532, 287, 956, 636, 563, 630, 39, 159, 844, 806, 505, 386, 700, 39, 476, 662, 355, 286, 289, 513, 627, 126, 88, 248, 417, 897, 140, 582, 923, 995, 670, 332, 869, 456, 248, 819, 916, 533, 625, 160, 276],
[284, 708, 678, 555, 865, 18, 430, 187, 752, 615, 139, 471, 492, 427, 302, 402, 116, 565, 345, 149, 456, 209, 551, 41, 604, 479, 581, 45, 955, 214, 805, 861, 825, 666, 300, 386, 209, 99, 881, 924, 318, 92, 954, 975, 963, 139, 412, 393, 10, 865, 146, 632, 465, 983, 223, 645, 261, 196, 913, 605, 733, 612, 0, 168, 915, 404, 41, 900, 562, 990, 438, 949, 851, 705, 287, 501, 395, 642, 857, 22, 673, 296, 759, 965, 842, 303, 806, 301, 732, 872, 861, 535, 616, 129, 491, 590, 263, 487, 656, 954, 667, 140, 545, 988, 105, 629, 856, 222, 21, 715],
[648, 370, 986, 766, 757, 207, 217, 532, 293, 783, 81, 590, 595, 336, 716, 644, 364, 265, 479, 388, 54, 707, 766, 805, 296, 583, 856, 648, 339, 250, 803, 459, 371, 178, 639, 491, 408, 307, 607, 252, 957, 233, 582, 891, 473, 258, 868, 51, 110, 296, 506, 169, 741, 841, 582, 552, 356, 13, 74, 111, 480, 264, 168, 0, 901, 303, 752, 550, 524, 951, 125, 538, 868, 794, 428, 576, 405, 535, 675, 699, 226, 723, 970, 152, 794, 783, 500, 803, 139, 699, 537, 123, 889, 923, 47, 605, 844, 710, 899, 498, 975, 665, 876, 480, 248, 79, 216, 520, 866, 422],
[144, 189, 673, 632, 348, 370, 722, 723, 171, 489, 200, 210, 114, 738, 16, 756, 197, 478, 911, 487, 54, 23, 762, 698, 111, 396, 106, 525, 316, 134, 114, 183, 184, 70, 531, 94, 488, 821, 854, 956, 400, 622, 98, 108, 534, 344, 646, 783, 674, 837, 780, 494, 960, 721, 490, 672, 35, 727, 376, 916, 779, 30, 915, 901, 0, 800, 935, 429, 688, 513, 249, 156, 56, 136, 83, 259, 122, 57, 507, 724, 34, 454, 394, 692, 890, 708, 208, 62, 409, 17, 39, 627, 249, 45, 775, 833, 514, 697, 344, 808, 672, 607, 585, 750, 517, 885, 468, 454, 210, 189],
[111, 159, 245, 145, 804, 819, 119, 52, 528, 642, 653, 448, 483, 52, 123, 615, 456, 50, 601, 868, 359, 415, 153, 832, 539, 335, 769, 720, 412, 790, 797, 517, 837, 50, 844, 317, 193, 725, 331, 430, 931, 593, 143, 625, 314, 742, 797, 180, 856, 803, 603, 675, 158, 820, 887, 341, 618, 267, 366, 913, 597, 35, 404, 303, 800, 0, 846, 862, 169, 974, 197, 382, 469, 56, 983, 415, 261, 561, 591, 774, 562, 735, 343, 457, 186, 359, 443, 983, 463, 344, 961, 519, 490, 701, 475, 656, 570, 439, 143, 578, 113, 19, 953, 20, 36, 740, 355, 627, 620, 261],
[909, 10, 973, 382, 142, 274, 737, 188, 110, 130, 263, 750, 872, 147, 851, 673, 356, 921, 555, 640, 235, 570, 47, 304, 76, 995, 791, 333, 390, 667, 923, 802, 587, 513, 781, 911, 592, 854, 10, 991, 845, 276, 640, 223, 807, 843, 752, 661, 131, 561, 445, 718, 976, 682, 149, 984, 356, 685, 630, 800, 508, 491, 41, 752, 935, 846, 0, 658, 826, 896, 470, 146, 42, 867, 453, 870, 104, 226, 607, 214, 560, 963, 793, 842, 653, 704, 683, 697, 784, 77, 918, 967, 885, 591, 141, 302, 627, 134, 424, 582, 842, 399, 934, 121, 733, 908, 890, 752, 797, 238],
[100, 238, 410, 519, 841, 983, 215, 623, 516, 995, 49, 449, 373, 578, 504, 987, 284, 377, 749, 757, 256, 361, 789, 666, 279, 336, 411, 628, 385, 125, 618, 940, 642, 291, 211, 300, 549, 113, 774, 878, 490, 709, 928, 384, 550, 82, 713, 325, 621, 433, 31, 205, 141, 612, 538, 527, 173, 837, 287, 641, 179, 792, 900, 550, 429, 862, 658, 0, 203, 885, 961, 643, 447, 234, 892, 171, 114, 244, 829, 579, 831, 305, 69, 111, 316, 331, 218, 966, 71, 732, 808, 222, 942, 682, 329, 26, 463, 553, 136, 874, 991, 738, 256, 753, 905, 188, 845, 420, 254, 740],
[176, 339, 537, 958, 189, 188, 223, 483, 86, 315, 822, 688, 21, 537, 77, 90, 606, 755, 652, 762, 331, 643, 179, 267, 388, 38, 126, 151, 944, 330, 815, 738, 193, 51, 777, 921, 974, 748, 26, 254, 782, 600, 329, 624, 778, 747, 594, 511, 894, 895, 286, 188, 603, 983, 156, 130, 680, 730, 698, 249, 457, 175, 562, 524, 688, 169, 826, 203, 0, 11, 11, 241, 611, 533, 160, 313, 998, 40, 627, 850, 566, 15, 28, 341, 62, 47, 939, 30, 670, 936, 72, 719, 589, 935, 432, 380, 413, 246, 191, 48, 579, 222, 501, 111, 779, 26, 497, 362, 442, 929],
[508, 80, 452, 280, 904, 438, 235, 286, 987, 524, 859, 268, 399, 518, 472, 313, 171, 396, 897, 654, 202, 370, 332, 578, 588, 640, 839, 538, 264, 662, 602, 427, 787, 820, 63, 640, 228, 760, 837, 726, 427, 583, 438, 702, 862, 138, 323, 75, 991, 584, 623, 273, 334, 727, 480, 544, 354, 321, 599, 124, 565, 532, 990, 951, 513, 974, 896, 885, 11, 0, 853, 312, 522, 592, 987, 902, 743, 848, 718, 220, 903, 715, 660, 396, 981, 64, 569, 787, 106, 559, 440, 861, 933, 177, 130, 618, 525, 213, 363, 501, 696, 995, 386, 952, 699, 645, 885, 223, 218, 134],
[544, 329, 195, 378, 780, 33, 916, 14, 305, 510, 840, 678, 73, 959, 996, 204, 80, 40, 233, 709, 291, 542, 595, 214, 943, 986, 482, 742, 185, 220, 855, 306, 683, 817, 548, 819, 631, 47, 907, 782, 272, 23, 67, 295, 367, 911, 38, 997, 152, 568, 767, 118, 173, 465, 780, 543, 179, 99, 228, 30, 759, 287, 438, 125, 249, 197, 470, 961, 11, 853, 0, 878, 629, 934, 428, 436, 839, 611, 728, 637, 877, 378, 876, 845, 410, 855, 600, 911, 759, 184, 458, 917, 217, 163, 637, 661, 846, 37, 122, 42, 90, 155, 85, 344, 286, 684, 356, 239, 118, 403],
[157, 361, 886, 632, 668, 540, 154, 701, 961, 995, 608, 542, 159, 548, 680, 110, 669, 962, 908, 850, 277, 38, 686, 70, 81, 306, 602, 987, 151, 146, 607, 682, 71, 863, 282, 894, 810, 891, 622, 806, 118, 589, 103, 954, 561, 159, 537, 650, 449, 713, 964, 989, 605, 265, 232, 323, 221, 315, 471, 195, 597, 956, 949, 538, 156, 382, 146, 643, 241, 312, 878, 0, 150, 809, 406, 108, 397, 644, 750, 766, 949, 666, 139, 571, 74, 91, 434, 933, 210, 700, 377, 866, 220, 472, 64, 169, 288, 369, 320, 792, 142, 844, 358, 17, 391, 163, 935, 12, 715, 872],
[254, 12, 778, 350, 632, 639, 813, 714, 893, 678, 334, 118, 634, 474, 271, 146, 147, 65, 880, 280, 73, 255, 609, 264, 658, 224, 674, 425, 852, 129, 238, 717, 704, 842, 895, 672, 59, 183, 800, 684, 946, 856, 396, 41, 105, 826, 521, 394, 186, 912, 237, 630, 744, 987, 544, 614, 92, 923, 843, 662, 865, 636, 851, 868, 56, 469, 42, 447, 611, 522, 629, 150, 0, 499, 342, 953, 260, 720, 331, 891, 594, 888, 296, 456, 231, 55, 737, 240, 343, 988, 857, 322, 895, 812, 463, 117, 822, 855, 149, 269, 93, 94, 457, 532, 666, 198, 182, 191, 24, 323],
[929, 545, 872, 89, 411, 759, 364, 679, 944, 430, 811, 994, 768, 61, 655, 633, 101, 661, 116, 543, 909, 992, 420, 576, 729, 957, 434, 417, 817, 317, 847, 220, 322, 527, 268, 519, 218, 225, 202, 515, 421, 150, 238, 35, 486, 222, 913, 823, 109, 419, 776, 15, 961, 548, 740, 692, 270, 794, 534, 514, 104, 563, 705, 794, 136, 56, 867, 234, 533, 592, 934, 809, 499, 0, 765, 76, 531, 302, 106, 452, 929, 337, 20, 506, 640, 294, 433, 761, 319, 588, 536, 797, 744, 999, 173, 548, 796, 658, 599, 824, 170, 514, 675, 340, 863, 345, 34, 864, 555, 932],
[276, 496, 28, 907, 767, 502, 282, 644, 762, 133, 620, 516, 242, 17, 548, 956, 743, 239, 342, 962, 727, 524, 29, 931, 150, 796, 261, 863, 730, 875, 422, 236, 460, 183, 412, 785, 420, 752, 180, 85, 75, 441, 558, 946, 847, 953, 445, 238, 605, 906, 195, 48, 777, 401, 817, 900, 22, 492, 329, 485, 922, 630, 287, 428, 83, 983, 453, 892, 160, 987, 428, 406, 342, 765, 0, 446, 871, 202, 796, 210, 645, 172, 545, 677, 178, 354, 355, 26, 51, 860, 431, 848, 781, 356, 367, 789, 278, 654, 514, 838, 446, 578, 184, 333, 617, 258, 747, 497, 700, 419],
[527, 739, 944, 957, 119, 200, 400, 565, 423, 224, 394, 135, 667, 317, 706, 988, 761, 192, 441, 957, 233, 666, 628, 358, 882, 676, 807, 31, 564, 980, 149, 481, 213, 658, 550, 316, 34, 187, 94, 772, 714, 109, 348, 394, 423, 805, 382, 47, 964, 370, 869, 910, 153, 210, 837, 186, 106, 146, 598, 808, 302, 39, 501, 576, 259, 415, 870, 171, 313, 902, 436, 108, 953, 76, 446, 0, 82, 24, 806, 244, 639, 895, 427, 704, 265, 131, 206, 822, 292, 944, 805, 257, 455, 659, 696, 217, 732, 79, 376, 391, 37, 50, 411, 521, 446, 607, 134, 698, 224, 442],
[584, 313, 706, 713, 953, 23, 87, 641, 174, 256, 890, 695, 849, 925, 428, 841, 438, 879, 681, 292, 164, 716, 313, 670, 753, 969, 116, 584, 926, 640, 231, 139, 361, 597, 171, 911, 184, 333, 869, 96, 21, 346, 846, 970, 247, 391, 570, 785, 593, 996, 84, 494, 300, 637, 167, 25, 334, 593, 280, 223, 404, 159, 395, 405, 122, 261, 104, 114, 998, 743, 839, 397, 260, 531, 871, 82, 0, 424, 41, 445, 171, 300, 276, 224, 464, 228, 438, 418, 56, 212, 144, 272, 602, 798, 404, 972, 74, 285, 729, 670, 282, 323, 82, 822, 424, 64, 584, 878, 537, 625],
[259, 410, 548, 615, 547, 966, 650, 510, 382, 176, 284, 958, 169, 884, 817, 783, 297, 538, 819, 24, 535, 606, 918, 891, 179, 381, 776, 456, 90, 351, 256, 524, 508, 363, 746, 128, 445, 166, 787, 349, 389, 27, 397, 85, 829, 808, 81, 982, 920, 637, 113, 251, 913, 38, 806, 594, 716, 382, 72, 472, 762, 844, 642, 535, 57, 561, 226, 244, 40, 848, 611, 644, 720, 302, 202, 24, 424, 0, 320, 472, 990, 101, 303, 713, 257, 528, 290, 322, 310, 330, 565, 398, 534, 23, 844, 435, 388, 822, 32, 575, 434, 977, 196, 181, 985, 522, 59, 684, 230, 658],
[958, 196, 824, 285, 65, 727, 324, 999, 372, 656, 649, 885, 457, 102, 120, 658, 786, 747, 935, 459, 676, 449, 885, 416, 326, 77, 744, 10, 651, 578, 772, 100, 925, 959, 868, 621, 373, 113, 343, 160, 736, 310, 807, 980, 843, 728, 130, 910, 912, 240, 351, 822, 279, 810, 920, 480, 939, 379, 831, 788, 109, 806, 857, 675, 507, 591, 607, 829, 627, 718, 728, 750, 331, 106, 796, 806, 41, 320, 0, 666, 530, 555, 360, 104, 915, 682, 900, 359, 948, 497, 697, 467, 328, 796, 117, 326, 161, 683, 451, 720, 515, 273, 936, 987, 146, 662, 648, 920, 920, 917],
[420, 868, 441, 959, 985, 873, 926, 704, 398, 628, 961, 794, 394, 779, 959, 651, 798, 836, 595, 333, 350, 273, 931, 745, 274, 360, 794, 748, 91, 436, 379, 485, 585, 104, 791, 50, 836, 958, 904, 994, 91, 444, 577, 619, 742, 908, 362, 596, 310, 216, 139, 48, 24, 936, 737, 316, 298, 409, 868, 824, 12, 505, 22, 699, 724, 774, 214, 579, 850, 220, 637, 766, 891, 452, 210, 244, 445, 472, 666, 0, 608, 408, 541, 385, 833, 646, 21, 250, 553, 57, 387, 108, 748, 707, 953, 98, 728, 464, 274, 813, 671, 438, 792, 694, 749, 502, 811, 380, 841, 684],
[19, 951, 179, 773, 640, 211, 954, 752, 485, 197, 144, 18, 910, 91, 192, 547, 613, 601, 295, 316, 189, 391, 351, 33, 806, 312, 886, 943, 502, 797, 724, 101, 171, 457, 617, 166, 463, 35, 689, 84, 65, 867, 798, 979, 490, 972, 751, 307, 904, 516, 175, 637, 972, 659, 799, 358, 189, 997, 381, 462, 756, 386, 673, 226, 34, 562, 560, 831, 566, 903, 877, 949, 594, 929, 645, 639, 171, 990, 530, 608, 0, 312, 147, 815, 653, 737, 109, 665, 398, 713, 304, 71, 869, 304, 483, 934, 148, 856, 102, 156, 646, 738, 144, 15, 788, 139, 891, 12, 169, 538],
[401, 358, 844, 68, 603, 516, 848, 889, 639, 753, 607, 932, 597, 590, 37, 933, 54, 756, 346, 255, 600, 108, 212, 853, 766, 76, 458, 422, 152, 148, 726, 107, 98, 124, 162, 42, 881, 154, 782, 509, 296, 620, 763, 853, 648, 664, 101, 133, 619, 229, 573, 233, 176, 871, 190, 705, 782, 945, 45, 977, 203, 700, 296, 723, 454, 735, 963, 305, 15, 715, 378, 666, 888, 337, 172, 895, 300, 101, 555, 408, 312, 0, 409, 208, 576, 626, 346, 39, 661, 727, 306, 121, 906, 226, 599, 287, 898, 526, 506, 163, 855, 122, 936, 326, 977, 526, 209, 561, 953, 965],
[594, 878, 37, 657, 426, 500, 895, 275, 648, 602, 168, 148, 920, 799, 543, 345, 802, 646, 264, 492, 587, 622, 268, 189, 755, 330, 395, 948, 998, 322, 594, 727, 686, 610, 503, 977, 218, 17, 765, 947, 818, 569, 686, 21, 900, 870, 210, 386, 981, 544, 329, 379, 432, 944, 542, 61, 836, 807, 875, 643, 162, 39, 759, 970, 394, 343, 793, 69, 28, 660, 876, 139, 296, 20, 545, 427, 276, 303, 360, 541, 147, 409, 0, 988, 931, 319, 224, 343, 168, 574, 612, 297, 886, 154, 809, 105, 445, 56, 775, 499, 14, 934, 361, 489, 767, 460, 782, 761, 629, 679],
[468, 702, 356, 565, 116, 578, 907, 10, 582, 56, 417, 526, 238, 711, 845, 471, 739, 889, 679, 797, 580, 40, 687, 363, 145, 312, 725, 949, 705, 51, 854, 427, 833, 461, 106, 996, 14, 877, 73, 33, 504, 235, 880, 203, 461, 335, 707, 991, 691, 92, 829, 419, 112, 834, 825, 98, 121, 939, 139, 704, 186, 476, 965, 152, 692, 457, 842, 111, 341, 396, 845, 571, 456, 506, 677, 704, 224, 713, 104, 385, 815, 208, 988, 0, 199, 154, 304, 219, 341, 354, 306, 837, 69, 409, 237, 276, 255, 675, 770, 363, 120, 432, 430, 220, 768, 552, 672, 711, 770, 821],
[630, 965, 334, 558, 828, 586, 884, 535, 757, 115, 174, 630, 687, 319, 659, 341, 751, 795, 609, 81, 479, 219, 791, 358, 457, 316, 449, 666, 492, 868, 711, 315, 306, 338, 582, 488, 78, 44, 422, 910, 673, 802, 224, 70, 141, 528, 322, 151, 115, 891, 858, 39, 935, 974, 593, 69, 834, 849, 755, 986, 531, 662, 842, 794, 890, 186, 653, 316, 62, 981, 410, 74, 231, 640, 178, 265, 464, 257, 915, 833, 653, 576, 931, 199, 0, 327, 758, 690, 46, 341, 345, 176, 791, 472, 319, 684, 764, 671, 106, 133, 160, 148, 996, 249, 343, 751, 382, 770, 644, 632],
[61, 537, 372, 810, 666, 103, 69, 611, 505, 581, 768, 265, 552, 693, 965, 353, 896, 414, 247, 259, 604, 612, 28, 813, 378, 168, 552, 642, 917, 409, 174, 687, 700, 576, 283, 472, 508, 339, 629, 631, 589, 78, 605, 394, 502, 39, 129, 561, 940, 293, 122, 970, 477, 567, 686, 435, 535, 713, 393, 57, 533, 355, 303, 783, 708, 359, 704, 331, 47, 64, 855, 91, 55, 294, 354, 131, 228, 528, 682, 646, 737, 626, 319, 154, 327, 0, 171, 136, 772, 109, 21, 133, 95, 350, 335, 738, 998, 486, 223, 779, 629, 748, 59, 66, 645, 855, 373, 851, 578, 567],
[790, 229, 852, 306, 269, 772, 368, 245, 282, 582, 792, 336, 495, 216, 36, 802, 349, 489, 406, 373, 197, 255, 473, 456, 420, 996, 381, 479, 931, 696, 422, 386, 945, 124, 595, 726, 962, 742, 437, 670, 57, 99, 111, 45, 649, 994, 545, 681, 804, 226, 543, 397, 327, 299, 326, 57, 356, 160, 463, 919, 724, 286, 806, 500, 208, 443, 683, 218, 939, 569, 600, 434, 737, 433, 355, 206, 438, 290, 900, 21, 109, 346, 224, 304, 758, 171, 0, 749, 173, 79, 65, 354, 588, 537, 837, 77, 485, 215, 646, 390, 628, 358, 136, 744, 424, 607, 883, 444, 276, 193],
[665, 449, 623, 813, 101, 223, 29, 932, 150, 592, 504, 927, 964, 616, 400, 525, 361, 697, 70, 749, 56, 623, 362, 199, 105, 141, 834, 392, 170, 56, 428, 958, 422, 720, 645, 544, 62, 55, 966, 260, 416, 675, 983, 428, 359, 269, 422, 245, 16, 454, 326, 62, 71, 249, 451, 79, 384, 659, 962, 168, 131, 289, 301, 803, 62, 983, 697, 966, 30, 787, 911, 933, 240, 761, 26, 822, 418, 322, 359, 250, 665, 39, 343, 219, 690, 136, 749, 0, 886, 221, 324, 864, 424, 214, 985, 875, 610, 918, 515, 702, 730, 31, 846, 188, 967, 34, 967, 250, 151, 268],
[32, 454, 88, 611, 562, 593, 485, 21, 875, 69, 883, 744, 125, 757, 243, 372, 437, 641, 100, 858, 590, 12, 876, 674, 597, 199, 455, 210, 316, 340, 508, 162, 39, 45, 347, 675, 576, 211, 955, 990, 856, 85, 97, 250, 98, 390, 501, 486, 727, 665, 194, 229, 426, 93, 620, 250, 761, 638, 563, 37, 671, 513, 732, 139, 409, 463, 784, 71, 670, 106, 759, 210, 343, 319, 51, 292, 56, 310, 948, 553, 398, 661, 168, 341, 46, 772, 173, 886, 0, 487, 636, 664, 635, 122, 624, 87, 880, 519, 823, 734, 126, 604, 465, 34, 259, 21, 166, 693, 447, 381],
[276, 743, 953, 941, 244, 583, 19, 610, 927, 878, 595, 885, 261, 476, 426, 284, 729, 896, 837, 510, 558, 931, 421, 447, 517, 350, 266, 851, 94, 565, 303, 793, 854, 84, 787, 489, 213, 99, 994, 213, 906, 395, 345, 440, 514, 488, 394, 161, 862, 347, 656, 469, 312, 467, 466, 27, 75, 952, 980, 27, 648, 627, 872, 699, 17, 344, 77, 732, 936, 559, 184, 700, 988, 588, 860, 944, 212, 330, 497, 57, 713, 727, 574, 354, 341, 109, 79, 221, 487, 0, 695, 25, 311, 874, 307, 185, 593, 272, 51, 799, 864, 610, 320, 621, 933, 200, 950, 356, 795, 956],
[105, 820, 221, 943, 509, 453, 641, 407, 79, 555, 244, 731, 295, 294, 823, 527, 619, 325, 355, 385, 598, 322, 639, 141, 846, 97, 527, 579, 165, 761, 671, 922, 387, 874, 987, 243, 772, 559, 566, 440, 799, 530, 39, 962, 944, 486, 395, 242, 673, 635, 462, 346, 781, 170, 550, 16, 496, 263, 884, 760, 179, 126, 861, 537, 39, 961, 918, 808, 72, 440, 458, 377, 857, 536, 431, 805, 144, 565, 697, 387, 304, 306, 612, 306, 345, 21, 65, 324, 636, 695, 0, 297, 118, 904, 462, 959, 988, 614, 759, 376, 772, 953, 923, 782, 574, 317, 136, 824, 281, 68],
[930, 506, 36, 813, 644, 946, 734, 286, 793, 340, 783, 796, 582, 717, 233, 241, 223, 547, 819, 744, 242, 783, 217, 762, 141, 406, 906, 479, 849, 507, 332, 533, 583, 257, 481, 236, 862, 646, 631, 102, 170, 846, 212, 608, 743, 531, 607, 77, 496, 160, 560, 321, 264, 197, 956, 910, 326, 489, 872, 958, 227, 88, 535, 123, 627, 519, 967, 222, 719, 861, 917, 866, 322, 797, 848, 257, 272, 398, 467, 108, 71, 121, 297, 837, 176, 133, 354, 864, 664, 25, 297, 0, 345, 950, 934, 511, 400, 671, 104, 488, 474, 271, 19, 677, 818, 952, 846, 473, 234, 138],
[633, 698, 686, 683, 429, 690, 150, 763, 111, 784, 352, 582, 682, 939, 574, 842, 948, 956, 200, 213, 164, 191, 659, 792, 865, 804, 475, 928, 95, 361, 890, 25, 825, 834, 381, 339, 256, 255, 126, 791, 690, 243, 496, 321, 924, 365, 85, 671, 251, 401, 529, 313, 822, 545, 902, 864, 70, 947, 73, 736, 120, 248, 616, 889, 249, 490, 885, 942, 589, 933, 217, 220, 895, 744, 781, 455, 602, 534, 328, 748, 869, 906, 886, 69, 791, 95, 588, 424, 635, 311, 118, 345, 0, 98, 920, 569, 107, 443, 91, 700, 55, 961, 861, 13, 902, 263, 932, 434, 963, 882],
[199, 307, 427, 775, 725, 270, 161, 964, 38, 976, 700, 918, 525, 938, 999, 277, 863, 332, 843, 303, 71, 345, 456, 227, 86, 844, 694, 868, 614, 279, 889, 189, 416, 110, 496, 198, 931, 446, 222, 553, 65, 1000, 573, 542, 704, 132, 769, 860, 257, 260, 299, 883, 219, 588, 711, 940, 847, 556, 229, 386, 904, 417, 129, 923, 45, 701, 591, 682, 935, 177, 163, 472, 812, 999, 356, 659, 798, 23, 796, 707, 304, 226, 154, 409, 472, 350, 537, 214, 122, 874, 904, 950, 98, 0, 970, 24, 184, 193, 792, 189, 970, 99, 487, 210, 622, 799, 140, 292, 742, 735],
[483, 372, 382, 408, 91, 948, 396, 310, 178, 718, 657, 892, 878, 980, 186, 744, 106, 706, 672, 167, 498, 824, 114, 512, 310, 45, 499, 365, 951, 581, 609, 708, 130, 571, 403, 287, 732, 49, 298, 758, 972, 319, 907, 700, 52, 223, 788, 892, 448, 408, 856, 454, 568, 27, 345, 38, 976, 960, 755, 907, 983, 897, 491, 47, 775, 475, 141, 329, 432, 130, 637, 64, 463, 173, 367, 696, 404, 844, 117, 953, 483, 599, 809, 237, 319, 335, 837, 985, 624, 307, 462, 934, 920, 970, 0, 913, 551, 46, 684, 867, 709, 116, 71, 193, 938, 255, 974, 45, 823, 850],
[246, 465, 16, 283, 771, 509, 803, 247, 860, 298, 492, 521, 677, 57, 945, 112, 125, 362, 972, 57, 590, 486, 334, 184, 643, 454, 312, 91, 734, 954, 330, 658, 319, 592, 136, 988, 819, 781, 570, 474, 757, 12, 163, 539, 513, 575, 440, 527, 112, 132, 410, 109, 456, 65, 414, 204, 587, 685, 949, 697, 701, 140, 590, 605, 833, 656, 302, 26, 380, 618, 661, 169, 117, 548, 789, 217, 972, 435, 326, 98, 934, 287, 105, 276, 684, 738, 77, 875, 87, 185, 959, 511, 569, 24, 913, 0, 111, 816, 226, 238, 283, 245, 980, 589, 92, 140, 362, 452, 917, 576],
[775, 152, 32, 437, 934, 827, 374, 436, 233, 759, 836, 965, 836, 222, 382, 551, 362, 115, 643, 168, 218, 824, 664, 504, 386, 230, 706, 685, 728, 256, 448, 492, 288, 162, 833, 755, 909, 319, 784, 530, 296, 726, 870, 42, 861, 285, 400, 586, 294, 19, 569, 251, 371, 321, 769, 407, 538, 809, 75, 262, 385, 582, 263, 844, 514, 570, 627, 463, 413, 525, 846, 288, 822, 796, 278, 732, 74, 388, 161, 728, 148, 898, 445, 255, 764, 998, 485, 610, 880, 593, 988, 400, 107, 184, 551, 111, 0, 496, 451, 467, 179, 799, 423, 363, 23, 824, 883, 634, 809, 657],
[321, 708, 465, 450, 42, 301, 420, 393, 911, 168, 399, 90, 838, 794, 102, 623, 1000, 326, 950, 857, 349, 46, 15, 439, 581, 976, 170, 772, 829, 499, 461, 870, 17, 319, 384, 10, 423, 877, 904, 967, 947, 35, 832, 307, 825, 741, 910, 885, 343, 127, 561, 737, 117, 369, 698, 636, 848, 327, 642, 501, 245, 923, 487, 710, 697, 439, 134, 553, 246, 213, 37, 369, 855, 658, 654, 79, 285, 822, 683, 464, 856, 526, 56, 675, 671, 486, 215, 918, 519, 272, 614, 671, 443, 193, 46, 816, 496, 0, 613, 618, 473, 520, 189, 867, 155, 200, 620, 771, 813, 653],
[144, 34, 106, 274, 176, 421, 158, 626, 766, 453, 61, 126, 281, 876, 15, 537, 567, 474, 823, 877, 759, 256, 546, 274, 868, 769, 848, 660, 396, 32, 434, 549, 70, 837, 807, 946, 171, 259, 233, 267, 976, 172, 45, 756, 472, 449, 259, 411, 478, 63, 576, 72, 909, 203, 85, 868, 556, 678, 992, 779, 800, 995, 656, 899, 344, 143, 424, 136, 191, 363, 122, 320, 149, 599, 514, 376, 729, 32, 451, 274, 102, 506, 775, 770, 106, 223, 646, 515, 823, 51, 759, 104, 91, 792, 684, 226, 451, 613, 0, 425, 654, 576, 95, 1000, 873, 626, 924, 423, 720, 677],
[544, 81, 540, 486, 399, 441, 810, 537, 135, 299, 883, 135, 807, 733, 98, 856, 560, 630, 895, 211, 192, 810, 727, 794, 864, 212, 633, 296, 794, 257, 444, 710, 764, 431, 316, 344, 633, 155, 496, 911, 310, 909, 676, 690, 756, 573, 760, 485, 929, 778, 823, 393, 669, 730, 28, 49, 800, 852, 1000, 16, 213, 670, 954, 498, 808, 578, 582, 874, 48, 501, 42, 792, 269, 824, 838, 391, 670, 575, 720, 813, 156, 163, 499, 363, 133, 779, 390, 702, 734, 799, 376, 488, 700, 189, 867, 238, 467, 618, 425, 0, 293, 324, 53, 981, 324, 257, 474, 171, 470, 407],
[123, 488, 307, 342, 410, 418, 859, 80, 363, 578, 357, 322, 962, 165, 448, 998, 612, 21, 646, 287, 715, 839, 277, 507, 609, 145, 263, 493, 411, 599, 206, 767, 435, 180, 929, 728, 496, 17, 779, 458, 755, 272, 27, 863, 212, 363, 193, 871, 274, 638, 212, 298, 541, 785, 653, 891, 289, 629, 432, 272, 540, 332, 667, 975, 672, 113, 842, 991, 579, 696, 90, 142, 93, 170, 446, 37, 282, 434, 515, 671, 646, 855, 14, 120, 160, 629, 628, 730, 126, 864, 772, 474, 55, 970, 709, 283, 179, 473, 654, 293, 0, 528, 865, 190, 851, 373, 745, 652, 841, 629],
[493, 72, 772, 352, 476, 705, 163, 556, 83, 626, 832, 986, 447, 141, 677, 829, 899, 848, 73, 939, 31, 415, 222, 881, 95, 108, 512, 141, 437, 334, 638, 677, 565, 339, 562, 172, 472, 364, 671, 849, 109, 756, 228, 693, 540, 415, 111, 744, 531, 283, 388, 686, 396, 419, 816, 97, 940, 222, 926, 963, 834, 869, 140, 665, 607, 19, 399, 738, 222, 995, 155, 844, 94, 514, 578, 50, 323, 977, 273, 438, 738, 122, 934, 432, 148, 748, 358, 31, 604, 610, 953, 271, 961, 99, 116, 245, 799, 520, 576, 324, 528, 0, 499, 983, 688, 160, 647, 403, 186, 419],
[812, 157, 141, 754, 788, 184, 467, 425, 411, 897, 963, 627, 817, 822, 494, 193, 808, 309, 268, 983, 613, 829, 310, 837, 963, 970, 251, 851, 981, 473, 45, 241, 269, 630, 380, 965, 215, 864, 872, 376, 959, 726, 634, 142, 66, 234, 541, 16, 610, 899, 332, 745, 661, 115, 578, 846, 89, 71, 65, 550, 563, 456, 545, 876, 585, 953, 934, 256, 501, 386, 85, 358, 457, 675, 184, 411, 82, 196, 936, 792, 144, 936, 361, 430, 996, 59, 136, 846, 465, 320, 923, 19, 861, 487, 71, 980, 423, 189, 95, 53, 865, 499, 0, 468, 576, 109, 882, 85, 502, 398],
[76, 600, 107, 943, 968, 283, 129, 659, 511, 224, 798, 405, 222, 626, 472, 456, 997, 197, 594, 824, 304, 165, 26, 24, 311, 635, 127, 394, 744, 611, 690, 398, 200, 309, 382, 262, 957, 974, 314, 133, 730, 735, 346, 970, 570, 782, 801, 456, 760, 500, 395, 379, 818, 934, 775, 73, 91, 556, 693, 76, 90, 248, 988, 480, 750, 20, 121, 753, 111, 952, 344, 17, 532, 340, 333, 521, 822, 181, 987, 694, 15, 326, 489, 220, 249, 66, 744, 188, 34, 621, 782, 677, 13, 210, 193, 589, 363, 867, 1000, 981, 190, 983, 468, 0, 19, 152, 270, 342, 444, 653],
[628, 378, 891, 686, 581, 847, 343, 811, 222, 567, 121, 207, 752, 676, 735, 423, 509, 606, 459, 767, 743, 275, 482, 104, 428, 288, 882, 230, 928, 988, 121, 53, 218, 684, 291, 294, 561, 340, 279, 570, 745, 332, 257, 382, 870, 476, 701, 187, 115, 829, 528, 676, 56, 289, 251, 965, 148, 653, 574, 700, 719, 819, 105, 248, 517, 36, 733, 905, 779, 699, 286, 391, 666, 863, 617, 446, 424, 985, 146, 749, 788, 977, 767, 768, 343, 645, 424, 967, 259, 933, 574, 818, 902, 622, 938, 92, 23, 155, 873, 324, 851, 688, 576, 19, 0, 112, 877, 847, 817, 865],
[404, 592, 22, 297, 212, 198, 599, 409, 750, 228, 238, 567, 696, 179, 450, 948, 767, 922, 335, 414, 709, 446, 74, 697, 495, 634, 213, 82, 992, 511, 738, 272, 974, 328, 481, 960, 183, 83, 708, 924, 291, 512, 721, 794, 219, 685, 595, 378, 714, 363, 211, 462, 792, 39, 83, 644, 423, 287, 440, 46, 728, 916, 629, 79, 885, 740, 908, 188, 26, 645, 684, 163, 198, 345, 258, 607, 64, 522, 662, 502, 139, 526, 460, 552, 751, 855, 607, 34, 21, 200, 317, 952, 263, 799, 255, 140, 824, 200, 626, 257, 373, 160, 109, 152, 112, 0, 221, 286, 326, 191],
[778, 694, 772, 588, 403, 572, 13, 419, 464, 236, 868, 613, 470, 646, 709, 919, 786, 687, 356, 543, 156, 564, 159, 115, 830, 924, 353, 240, 941, 55, 702, 564, 297, 476, 66, 441, 597, 277, 856, 726, 307, 475, 290, 896, 563, 202, 159, 365, 274, 441, 247, 40, 914, 28, 333, 563, 680, 187, 182, 423, 782, 533, 856, 216, 468, 355, 890, 845, 497, 885, 356, 935, 182, 34, 747, 134, 584, 59, 648, 811, 891, 209, 782, 672, 382, 373, 883, 967, 166, 950, 136, 846, 932, 140, 974, 362, 883, 620, 924, 474, 745, 647, 882, 270, 877, 221, 0, 387, 268, 347],
[990, 476, 919, 118, 258, 457, 979, 111, 736, 931, 200, 376, 207, 856, 436, 771, 866, 233, 372, 704, 257, 376, 788, 99, 179, 823, 645, 441, 81, 354, 740, 810, 284, 655, 981, 524, 499, 162, 701, 411, 157, 710, 637, 408, 394, 494, 291, 883, 145, 503, 28, 852, 849, 541, 889, 621, 281, 658, 531, 240, 762, 625, 222, 520, 454, 627, 752, 420, 362, 223, 239, 12, 191, 864, 497, 698, 878, 684, 920, 380, 12, 561, 761, 711, 770, 851, 444, 250, 693, 356, 824, 473, 434, 292, 45, 452, 634, 771, 423, 171, 652, 403, 85, 342, 847, 286, 387, 0, 40, 714],
[305, 722, 421, 32, 779, 378, 138, 553, 17, 90, 66, 32, 237, 248, 589, 329, 209, 815, 61, 945, 471, 425, 144, 897, 267, 159, 362, 101, 784, 762, 60, 773, 774, 577, 599, 305, 978, 582, 481, 481, 766, 784, 402, 186, 25, 978, 352, 676, 611, 211, 459, 172, 274, 471, 863, 875, 822, 843, 206, 330, 416, 160, 21, 866, 210, 620, 797, 254, 442, 218, 118, 715, 24, 555, 700, 224, 537, 230, 920, 841, 169, 953, 629, 770, 644, 578, 276, 151, 447, 795, 281, 234, 963, 742, 823, 917, 809, 813, 720, 470, 841, 186, 502, 444, 817, 326, 268, 40, 0, 655],
[304, 972, 243, 495, 821, 999, 432, 130, 384, 745, 754, 827, 267, 58, 153, 245, 666, 667, 933, 209, 512, 495, 755, 144, 841, 313, 444, 687, 755, 61, 13, 862, 481, 853, 686, 443, 686, 983, 670, 153, 516, 303, 310, 75, 616, 830, 472, 710, 328, 793, 601, 583, 261, 409, 482, 578, 469, 311, 793, 526, 135, 276, 715, 422, 189, 261, 238, 740, 929, 134, 403, 872, 323, 932, 419, 442, 625, 658, 917, 684, 538, 965, 679, 821, 632, 567, 193, 268, 381, 956, 68, 138, 882, 735, 850, 576, 657, 653, 677, 407, 629, 419, 398, 653, 865, 191, 347, 714, 655, 0]
