10.0 0.012795448303222656 2010.0
20.0 0.041382789611816406 3469.0
30.0 0.09345436096191406 4549.0
40.0 0.3579232692718506 5985.0
50.0 0.5122072696685791 9496.0
60.0 0.9142122268676758 10746.0
70.0 1.5942506790161133 16335.0
80.0 2.3612678050994873 17384.0
90.0 3.4307875633239746 22411.0
100.0 4.5126025676727295 22653.0
110.0 6.544221878051758 23508.0
120.0 9.060840606689453 27896.0
130.0 11.499870777130127 30188.0
140.0 15.099542617797852 34957.0
150.0 18.781665325164795 38353.0
160.0 23.746483325958252 35531.0
170.0 28.37652325630188 42186.0
180.0 33.22289562225342 46520.0
190.0 40.413747787475586 51963.0
200.0 46.967294216156006 53972.0
