10.0 0.0008640289306640625 2288.0
20.0 0.0059926509857177734 3943.0
30.0 0.03052496910095215 3878.0
40.0 0.10515642166137695 5443.0
50.0 0.2623560428619385 6337.0
60.0 0.6357338428497314 6090.0
70.0 1.3839058876037598 7497.0
80.0 1.7800934314727783 10247.0
90.0 4.390176773071289 7890.0
100.0 4.9154791831970215 9668.0
110.0 8.616126537322998 9426.0
120.0 10.405379056930542 11916.0
130.0 12.987306833267212 10594.0
140.0 19.179718494415283 14022.0
150.0 34.31651973724365 12609.0
160.0 39.66377019882202 14183.0
170.0 47.327718019485474 13484.0
180.0 55.52879309654236 14871.0
190.0 66.59654784202576 15924.0
200.0 74.60831618309021 17214.0
