10.0 0.0008728504180908203 1942.0
20.0 0.007235050201416016 3467.0
30.0 0.028100013732910156 6302.0
40.0 0.10057950019836426 5315.0
50.0 0.37621068954467773 5393.0
60.0 0.6554234027862549 6193.0
70.0 1.1232397556304932 7835.0
80.0 2.0258867740631104 7815.0
90.0 3.2182400226593018 8734.0
100.0 5.848333358764648 10126.0
110.0 8.536937475204468 10340.0
120.0 12.504423141479492 10699.0
130.0 16.251200914382935 11199.0
140.0 17.262057065963745 12940.0
150.0 25.922946453094482 13222.0
160.0 33.83921217918396 14375.0
170.0 44.78382849693298 13884.0
180.0 57.519269943237305 14731.0
190.0 72.83958077430725 16522.0
200.0 89.46293926239014 16568.0
