10.0 0.0005598068237304688 3038.0
20.0 0.0064563751220703125 4234.0
30.0 0.03040933609008789 4472.0
40.0 0.08384060859680176 6021.0
50.0 0.29337501525878906 6119.0
60.0 0.5889370441436768 6809.0
70.0 1.3674187660217285 7230.0
80.0 1.6938164234161377 9459.0
90.0 3.080381393432617 10296.0
100.0 4.840750455856323 10034.0
110.0 7.817617416381836 10713.0
120.0 9.550743818283081 11998.0
130.0 16.73749017715454 11590.0
140.0 18.60398507118225 13751.0
150.0 26.115129470825195 12665.0
160.0 35.96658372879028 13727.0
170.0 43.11387515068054 14687.0
180.0 58.6676561832428 15484.0
190.0 66.60640954971313 16758.0
200.0 98.13854217529297 14123.0
