10.0 0.0008149147033691406 1866.0
20.0 0.0025148391723632812 6039.0
30.0 0.005663394927978516 8658.0
40.0 0.0189971923828125 15405.0
50.0 0.02697443962097168 19973.0
60.0 0.07235288619995117 24102.0
70.0 0.10937833786010742 29313.0
80.0 0.1604776382446289 33691.0
90.0 0.2060081958770752 37389.0
100.0 0.2699427604675293 44774.0
110.0 0.4048769474029541 50061.0
120.0 0.5701689720153809 52003.0
130.0 0.6714131832122803 58600.0
140.0 0.9232354164123535 62713.0
150.0 1.1942505836486816 62304.0
160.0 1.459519624710083 69408.0
170.0 1.7199623584747314 76566.0
180.0 2.0747148990631104 83700.0
190.0 2.4555280208587646 88484.0
200.0 2.8724148273468018 89262.0
