10.0 0.012438058853149414 2514.0
20.0 0.03982043266296387 3261.0
30.0 0.08785080909729004 5289.0
40.0 0.3465390205383301 6971.0
50.0 0.5050437450408936 9249.0
60.0 0.9171507358551025 11392.0
70.0 1.5607616901397705 11664.0
80.0 2.339259624481201 15943.0
90.0 3.3854470252990723 19780.0
100.0 4.450851202011108 22236.0
110.0 6.504868984222412 25109.0
120.0 8.989942073822021 30521.0
130.0 11.476778507232666 32357.0
140.0 15.043208360671997 34055.0
150.0 18.761210680007935 33375.0
160.0 24.067325830459595 40022.0
170.0 28.46141815185547 43145.0
180.0 33.71348285675049 47068.0
190.0 40.5327889919281 50312.0
200.0 47.408939599990845 53588.0
