10.0 0.012371301651000977 2001.0
20.0 0.0402374267578125 3696.0
30.0 0.08991575241088867 4728.0
40.0 0.3493638038635254 7376.0
50.0 0.5076873302459717 11653.0
60.0 0.9061243534088135 11607.0
70.0 1.5673468112945557 13286.0
80.0 2.356703042984009 15702.0
90.0 3.415677547454834 19833.0
100.0 4.503849983215332 20112.0
110.0 6.539892196655273 25682.0
120.0 9.025835990905762 28749.0
130.0 11.526508808135986 31821.0
140.0 14.910537481307983 32523.0
150.0 18.845739603042603 35268.0
160.0 23.94163680076599 41473.0
170.0 28.41564154624939 42409.0
180.0 33.65897870063782 47162.0
190.0 40.24321722984314 50651.0
200.0 47.2693076133728 54531.0
