10.0 0.012026786804199219 2873.0
20.0 0.04062604904174805 4961.0
30.0 0.08986639976501465 4250.0
40.0 0.3508467674255371 6625.0
50.0 0.5159337520599365 9276.0
60.0 0.9280474185943604 10181.0
70.0 1.5838141441345215 12795.0
80.0 2.3631229400634766 17491.0
90.0 3.457141637802124 20773.0
100.0 4.549803733825684 20061.0
110.0 6.599883317947388 22915.0
120.0 9.108542442321777 27006.0
130.0 11.550615310668945 32623.0
140.0 15.17482328414917 33693.0
150.0 18.900819063186646 34180.0
160.0 24.2188720703125 39013.0
170.0 28.62147831916809 42630.0
180.0 33.38152480125427 46278.0
190.0 39.75402092933655 51257.0
200.0 45.69677758216858 50964.0
