10.0 0.012659788131713867 2174.0
20.0 0.041749000549316406 3456.0
30.0 0.09208202362060547 5145.0
40.0 0.3581080436706543 7889.0
50.0 0.518561601638794 8154.0
60.0 0.9792063236236572 12915.0
70.0 1.6493358612060547 14765.0
80.0 2.346658706665039 16176.0
90.0 3.4161362648010254 19019.0
100.0 4.4980309009552 23205.0
110.0 6.515084505081177 25535.0
120.0 9.044785976409912 28206.0
130.0 11.408470869064331 29060.0
140.0 15.066973209381104 32063.0
150.0 18.912829875946045 36362.0
160.0 24.009947538375854 40175.0
170.0 28.35372543334961 43576.0
180.0 33.762508392333984 45399.0
190.0 39.35037446022034 47976.0
200.0 45.86063838005066 51716.0
