10.0 0.0005662441253662109 1769.0
20.0 0.008684158325195312 3153.0
30.0 0.03605818748474121 5174.0
40.0 0.11116552352905273 5194.0
50.0 0.25955700874328613 6829.0
60.0 0.6449880599975586 7048.0
70.0 1.177748203277588 7069.0
80.0 2.0391080379486084 8375.0
90.0 2.999704360961914 8450.0
100.0 6.133375644683838 9471.0
110.0 7.8509039878845215 10657.0
120.0 11.556209802627563 10469.0
130.0 13.084917306900024 12392.0
140.0 18.34612226486206 13278.0
150.0 25.468738794326782 13285.0
160.0 38.24258995056152 14265.0
170.0 39.72599649429321 15194.0
180.0 52.5222373008728 14591.0
190.0 67.63998532295227 15801.0
200.0 90.07622241973877 15278.0
