10.0 0.0006666183471679688 1970.0
20.0 0.00764918327331543 3151.0
30.0 0.04568314552307129 3797.0
40.0 0.12641286849975586 5819.0
50.0 0.2244701385498047 7636.0
60.0 0.8924252986907959 6750.0
70.0 1.0403807163238525 8424.0
80.0 2.4101004600524902 7440.0
90.0 3.0142369270324707 9411.0
100.0 5.52463960647583 9349.0
110.0 7.398638486862183 9169.0
120.0 12.72071361541748 10550.0
130.0 14.948446989059448 12336.0
140.0 24.6100115776062 11092.0
150.0 23.48632025718689 14613.0
160.0 41.404290437698364 14688.0
170.0 40.73283648490906 15552.0
180.0 53.565030574798584 16248.0
190.0 63.128050088882446 15397.0
200.0 90.23530650138855 16519.0
