10.0 0.0012624263763427734 2996.0
20.0 0.002540111541748047 8553.0
30.0 0.005530118942260742 9242.0
40.0 0.018948793411254883 15914.0
50.0 0.02715468406677246 21951.0
60.0 0.07317733764648438 23160.0
70.0 0.11003613471984863 25004.0
80.0 0.16567730903625488 35724.0
90.0 0.2215433120727539 35320.0
100.0 0.29296088218688965 41237.0
110.0 0.419295072555542 48588.0
120.0 0.5866472721099854 50978.0
130.0 0.6990518569946289 54890.0
140.0 0.9586930274963379 59986.0
150.0 1.1701712608337402 70082.0
160.0 1.5007829666137695 69230.0
170.0 1.7860112190246582 73961.0
180.0 2.0947303771972656 82582.0
190.0 2.4312264919281006 87828.0
200.0 2.929598808288574 90807.0
