10.0 0.0008335113525390625 2444.0
20.0 0.0026352405548095703 6034.0
30.0 0.005786418914794922 9069.0
40.0 0.018976449966430664 15733.0
50.0 0.027256250381469727 24885.0
60.0 0.07167792320251465 25976.0
70.0 0.10918211936950684 27923.0
80.0 0.15808868408203125 32064.0
90.0 0.20296835899353027 41938.0
100.0 0.27127766609191895 40111.0
110.0 0.39811158180236816 47127.0
120.0 0.5699687004089355 49248.0
130.0 0.6758840084075928 60033.0
140.0 0.9283981323242188 63194.0
150.0 1.2084059715270996 71779.0
160.0 1.465946912765503 69673.0
170.0 1.722240924835205 80763.0
180.0 2.120178699493408 84855.0
190.0 2.4375901222229004 87238.0
200.0 2.8340911865234375 94137.0
