10.0 0.0008046627044677734 3173.0
20.0 0.002570629119873047 6374.0
30.0 0.0056400299072265625 8075.0
40.0 0.01883387565612793 13312.0
50.0 0.02767491340637207 18015.0
60.0 0.07232213020324707 24311.0
70.0 0.11078310012817383 24774.0
80.0 0.15996265411376953 29866.0
90.0 0.20830655097961426 34964.0
100.0 0.2736167907714844 45160.0
110.0 0.4102330207824707 47715.0
120.0 0.5729546546936035 50963.0
130.0 0.674060583114624 56553.0
140.0 0.9280054569244385 57609.0
150.0 1.1625752449035645 73321.0
160.0 1.464128017425537 69252.0
170.0 1.7145116329193115 80083.0
180.0 2.0483715534210205 79672.0
190.0 2.4650919437408447 86303.0
200.0 2.8294081687927246 95219.0
