10.0 0.0008630752563476562 2380.0
20.0 0.0026552677154541016 6263.0
30.0 0.005605220794677734 11122.0
40.0 0.018702268600463867 13528.0
50.0 0.02730560302734375 20437.0
60.0 0.07162857055664062 21145.0
70.0 0.10977387428283691 30130.0
80.0 0.15841364860534668 35161.0
90.0 0.20585942268371582 40224.0
100.0 0.27054738998413086 42837.0
110.0 0.40818023681640625 44922.0
120.0 0.5757560729980469 51740.0
130.0 0.6767787933349609 60276.0
140.0 0.926546573638916 64054.0
150.0 1.1880674362182617 66371.0
160.0 1.46816086769104 76935.0
170.0 1.7128245830535889 75547.0
180.0 2.083414077758789 87407.0
190.0 2.4233124256134033 87967.0
200.0 2.81050968170166 93166.0
