10.0 0.00035309791564941406 4489.0
20.0 0.0010178089141845703 9901.0
30.0 0.002160310745239258 11580.0
40.0 0.0067098140716552734 15771.0
50.0 0.00990605354309082 21346.0
60.0 0.017305850982666016 28280.0
70.0 0.029396533966064453 32749.0
80.0 0.06709551811218262 39221.0
90.0 0.062468767166137695 46184.0
100.0 0.11023664474487305 48823.0
110.0 0.11696767807006836 52288.0
120.0 0.19336652755737305 58677.0
130.0 0.24574851989746094 58352.0
140.0 0.30496907234191895 67009.0
150.0 0.39811038970947266 74366.0
160.0 0.5330100059509277 75013.0
170.0 0.6317739486694336 83531.0
180.0 0.6898300647735596 87106.0
190.0 0.8583414554595947 84022.0
200.0 1.0217664241790771 92933.0
