10.0 0.0003428459167480469 3583.0
20.0 0.0010263919830322266 7524.0
30.0 0.0020291805267333984 11766.0
40.0 0.00655364990234375 15916.0
50.0 0.009392738342285156 21282.0
60.0 0.017693281173706055 28584.0
70.0 0.029301166534423828 34336.0
80.0 0.06657862663269043 34812.0
90.0 0.06207990646362305 45321.0
100.0 0.11006522178649902 45658.0
110.0 0.11560654640197754 51046.0
120.0 0.19221830368041992 63926.0
130.0 0.24380040168762207 65606.0
140.0 0.3004586696624756 62631.0
150.0 0.3846311569213867 76335.0
160.0 0.5295252799987793 77046.0
170.0 0.6380062103271484 82976.0
180.0 0.7022860050201416 79089.0
190.0 0.8747906684875488 89910.0
200.0 1.0167911052703857 101103.0
