10.0 0.000347137451171875 3674.0
20.0 0.0010738372802734375 8159.0
30.0 0.0019545555114746094 13192.0
40.0 0.006628990173339844 17032.0
50.0 0.009698867797851562 22733.0
60.0 0.017899751663208008 29593.0
70.0 0.029946565628051758 30931.0
80.0 0.06599998474121094 39700.0
90.0 0.062006235122680664 40091.0
100.0 0.10983014106750488 47621.0
110.0 0.11629104614257812 57425.0
120.0 0.19331717491149902 55699.0
130.0 0.24930834770202637 64120.0
140.0 0.3007946014404297 69036.0
150.0 0.398998498916626 76998.0
160.0 0.5293712615966797 81074.0
170.0 0.644066333770752 88136.0
180.0 0.6715788841247559 87360.0
190.0 0.8809664249420166 87284.0
200.0 0.9963760375976562 99036.0
