10.0 0.0003514289855957031 2899.0
20.0 0.0011081695556640625 8107.0
30.0 0.002086639404296875 13728.0
40.0 0.006669282913208008 17546.0
50.0 0.009629487991333008 24264.0
60.0 0.017464637756347656 24836.0
70.0 0.029441356658935547 33564.0
80.0 0.06609964370727539 29014.0
90.0 0.062398433685302734 41608.0
100.0 0.10947823524475098 46648.0
110.0 0.11339974403381348 49551.0
120.0 0.19006681442260742 55520.0
130.0 0.24172520637512207 61403.0
140.0 0.3019840717315674 68732.0
150.0 0.3789682388305664 75353.0
160.0 0.5175049304962158 72919.0
170.0 0.6257383823394775 88391.0
180.0 0.6978566646575928 82721.0
190.0 0.8803958892822266 94036.0
200.0 0.9778800010681152 89791.0
