10.0 0.00035572052001953125 3975.0
20.0 0.0010952949523925781 9344.0
30.0 0.002071857452392578 12734.0
40.0 0.006636857986450195 16880.0
50.0 0.009578704833984375 19580.0
60.0 0.017284870147705078 27675.0
70.0 0.029345035552978516 30563.0
80.0 0.06599116325378418 39507.0
90.0 0.06326818466186523 44831.0
100.0 0.10929226875305176 47478.0
110.0 0.1152489185333252 52231.0
120.0 0.19136738777160645 59251.0
130.0 0.25290846824645996 59782.0
140.0 0.30797386169433594 72235.0
150.0 0.3993816375732422 68913.0
160.0 0.5350539684295654 76740.0
170.0 0.6204538345336914 85357.0
180.0 0.6876933574676514 86946.0
190.0 0.8613548278808594 101045.0
200.0 1.0201923847198486 103510.0
